Oscilloscope data. 
Time step = 625,0 uS
Voltage step = 62,50 mV
Zero level = 136

N 	Smpl.	Trig

0	175	0
1	175	0
2	176	0
3	175	0
4	176	0
5	176	0
6	175	0
7	175	0
8	175	0
9	176	0
10	175	0
11	175	0
12	177	0
13	176	0
14	176	0
15	175	0
16	176	0
17	175	0
18	174	0
19	174	0
20	176	0
21	175	0
22	176	0
23	174	0
24	175	0
25	175	0
26	175	0
27	175	0
28	175	0
29	175	0
30	175	0
31	176	0
32	175	0
33	175	0
34	175	0
35	175	0
36	175	0
37	175	0
38	175	0
39	175	0
40	176	0
41	175	0
42	176	0
43	175	0
44	176	0
45	175	0
46	176	0
47	175	0
48	176	0
49	175	0
50	175	0
51	175	0
52	176	0
53	175	0
54	176	0
55	175	0
56	175	0
57	175	0
58	175	0
59	175	0
60	176	0
61	175	0
62	176	0
63	176	0
64	175	0
65	175	0
66	175	0
67	177	0
68	175	0
69	175	0
70	175	0
71	175	0
72	175	0
73	175	0
74	176	0
75	175	0
76	177	0
77	175	0
78	174	0
79	175	0
80	175	0
81	176	0
82	175	0
83	175	0
84	175	0
85	175	0
86	175	0
87	175	0
88	175	0
89	175	0
90	175	0
91	175	0
92	174	0
93	175	0
94	175	0
95	175	0
96	175	0
97	174	0
98	175	0
99	175	0
100	175	0
101	175	0
102	175	0
103	175	0
104	175	0
105	175	0
106	174	0
107	176	0
108	175	0
109	175	0
110	175	0
111	175	0
112	175	0
113	175	0
114	176	0
115	175	0
116	176	0
117	175	0
118	175	0
119	175	0
120	175	0
121	175	0
122	175	0
123	175	0
124	176	0
125	175	0
126	175	0
127	175	0
128	175	0
129	175	0
130	175	0
131	174	0
132	175	0
133	175	0
134	175	0
135	175	0
136	175	0
137	175	0
138	175	0
139	175	0
140	175	0
141	174	0
142	174	0
143	176	0
144	175	0
145	175	0
146	175	0
147	175	0
148	176	0
149	175	0
150	175	0
151	175	0
152	175	0
153	175	0
154	175	0
155	175	0
156	175	0
157	175	0
158	175	0
159	175	0
160	175	0
161	175	0
162	175	0
163	175	0
164	174	0
165	174	0
166	175	0
167	175	0
168	175	0
169	175	0
170	175	0
171	175	0
172	175	0
173	175	0
174	175	0
175	174	0
176	176	0
177	175	0
178	175	0
179	175	0
180	175	0
181	175	0
182	175	0
183	176	0
184	174	0
185	175	0
186	177	0
187	176	0
188	175	0
189	175	0
190	175	0
191	174	0
192	175	0
193	175	0
194	175	0
195	175	0
196	175	0
197	175	0
198	175	0
199	175	0
200	175	0
201	176	0
202	175	0
203	175	0
204	175	0
205	175	0
206	175	0
207	174	0
208	176	0
209	175	0
210	175	0
211	175	0
212	175	0
213	175	0
214	175	0
215	175	0
216	174	0
217	175	0
218	175	0
219	176	0
220	175	0
221	175	0
222	175	0
223	175	0
224	175	0
225	175	0
226	175	0
227	174	0
228	175	0
229	176	0
230	175	0
231	175	0
232	175	0
233	175	0
234	176	0
235	175	0
236	175	0
237	175	0
238	175	0
239	175	0
240	175	0
241	175	0
242	175	0
243	175	0
244	175	0
245	175	0
246	175	0
247	175	0
248	176	0
249	175	0
250	175	0
251	175	0
252	175	0
253	175	0
254	175	0
255	176	0
256	176	0
257	175	0
258	175	0
259	175	0
260	175	0
261	174	0
262	175	0
263	175	0
264	175	0
265	175	0
266	175	0
267	175	0
268	175	0
269	175	0
270	174	0
271	176	0
272	176	0
273	175	0
274	175	0
275	175	0
276	175	0
277	175	0
278	175	0
279	175	0
280	175	0
281	175	0
282	175	0
283	176	0
284	175	0
285	175	0
286	175	0
287	175	0
288	175	0
289	176	0
290	175	0
291	175	0
292	175	0
293	175	0
294	175	0
295	174	0
296	174	0
297	175	0
298	175	0
299	176	0
300	175	0
301	175	0
302	175	0
303	174	0
304	175	0
305	174	0
306	176	0
307	175	0
308	175	0
309	176	0
310	175	0
311	175	0
312	175	0
313	175	0
314	175	0
315	176	0
316	175	0
317	175	0
318	175	0
319	175	0
320	175	0
321	175	0
322	175	0
323	175	0
324	175	0
325	175	0
326	175	0
327	175	0
328	175	0
329	175	0
330	175	0
331	175	0
332	175	0
333	176	0
334	175	0
335	174	0
336	174	0
337	175	0
338	175	0
339	175	0
340	175	0
341	175	0
342	175	0
343	175	0
344	175	0
345	175	0
346	174	0
347	175	0
348	175	0
349	175	0
350	175	0
351	175	0
352	175	0
353	175	0
354	175	0
355	175	0
356	175	0
357	176	0
358	175	0
359	175	0
360	175	0
361	175	0
362	175	0
363	175	0
364	175	0
365	175	0
366	176	0
367	175	0
368	175	0
369	175	0
370	175	0
371	175	0
372	175	0
373	176	0
374	174	0
375	175	0
376	175	0
377	175	0
378	175	0
379	174	0
380	175	0
381	175	0
382	174	0
383	175	0
384	175	0
385	175	0
386	175	0
387	175	0
388	175	0
389	175	0
390	176	0
391	175	0
392	175	0
393	175	0
394	175	0
395	175	0
396	175	0
397	175	0
398	174	0
399	175	0
400	175	0
401	175	0
402	175	0
403	175	0
404	175	0
405	175	0
406	175	0
407	175	0
408	175	0
409	175	0
410	175	0
411	175	0
412	175	0
413	175	0
414	174	0
415	175	0
416	175	0
417	175	0
418	175	0
419	174	0
420	175	0
421	175	0
422	175	0
423	175	0
424	175	0
425	175	0
426	175	0
427	175	0
428	175	0
429	175	0
430	176	0
431	175	0
432	175	0
433	175	0
434	176	0
435	175	0
436	175	0
437	175	0
438	176	0
439	175	0
440	175	0
441	175	0
442	175	0
443	174	0
444	175	0
445	175	0
446	175	0
447	175	0
448	175	0
449	176	0
450	175	0
451	175	0
452	175	0
453	175	0
454	175	0
455	175	0
456	175	0
457	174	0
458	174	0
459	175	0
460	175	0
461	174	0
462	175	0
463	175	0
464	175	0
465	175	0
466	175	0
467	175	0
468	175	0
469	174	0
470	176	0
471	175	0
472	175	0
473	175	0
474	175	0
475	174	0
476	175	0
477	175	0
478	174	0
479	175	0
480	175	0
481	175	0
482	175	0
483	176	0
484	175	0
485	175	0
486	176	0
487	175	0
488	174	0
489	175	0
490	175	0
491	175	0
492	175	0
493	175	0
494	175	0
495	175	0
496	175	0
497	175	0
498	175	0
499	175	0
500	175	0
501	175	0
502	175	0
503	175	0
504	175	0
505	176	0
506	175	0
507	175	0
508	175	0
509	175	0
510	175	0
511	175	0
512	175	0
513	175	0
514	175	0
515	175	0
516	175	0
517	175	0
518	174	0
519	175	0
520	175	0
521	175	0
522	176	0
523	174	0
524	175	0
525	175	0
526	175	0
527	174	0
528	175	0
529	175	0
530	175	0
531	175	0
532	175	0
533	175	0
534	175	0
535	175	0
536	175	0
537	175	0
538	175	0
539	176	0
540	175	0
541	175	0
542	175	0
543	175	0
544	176	0
545	175	0
546	175	0
547	175	0
548	175	0
549	176	0
550	175	0
551	175	0
552	176	0
553	175	0
554	175	0
555	175	0
556	175	0
557	175	0
558	175	0
559	175	0
560	175	0
561	175	0
562	176	0
563	175	0
564	175	0
565	175	0
566	175	0
567	175	0
568	175	0
569	174	0
570	175	0
571	175	0
572	175	0
573	176	0
574	176	0
575	175	0
576	176	0
577	176	0
578	175	0
579	175	0
580	175	0
581	175	0
582	175	0
583	176	0
584	175	0
585	175	0
586	175	0
587	175	0
588	175	0
589	175	0
590	174	0
591	175	0
592	176	0
593	175	0
594	175	0
595	175	0
596	175	0
597	175	0
598	175	0
599	175	0
600	175	0
601	175	0
602	175	0
603	175	0
604	175	0
605	175	0
606	175	0
607	175	0
608	175	0
609	175	0
610	175	0
611	175	0
612	175	0
613	175	0
614	175	0
615	175	0
616	175	0
617	175	0
618	176	0
619	175	0
620	174	0
621	175	0
622	175	0
623	175	0
624	175	0
625	175	0
626	175	0
627	175	0
628	175	0
629	174	0
630	174	0
631	175	0
632	175	0
633	175	0
634	174	0
635	176	0
636	175	0
637	175	0
638	175	0
639	175	0
640	176	0
641	175	0
642	175	0
643	175	0
644	175	0
645	175	0
646	175	0
647	175	0
648	175	0
649	175	0
650	175	0
651	175	0
652	175	0
653	175	0
654	176	0
655	175	0
656	175	0
657	176	0
658	175	0
659	175	0
660	175	0
661	175	0
662	175	0
663	175	0
664	175	0
665	175	0
666	176	0
667	175	0
668	175	0
669	175	0
670	175	0
671	175	0
672	175	0
673	175	0
674	175	0
675	175	0
676	175	0
677	175	0
678	177	0
679	175	0
680	174	0
681	174	0
682	174	0
683	175	0
684	175	0
685	174	0
686	175	0
687	175	0
688	176	0
689	175	0
690	175	0
691	175	0
692	175	0
693	175	0
694	175	0
695	175	0
696	175	0
697	175	0
698	175	0
699	175	0
700	175	0
701	176	0
702	175	0
703	175	0
704	175	0
705	175	0
706	175	0
707	175	0
708	176	0
709	175	0
710	176	0
711	175	0
712	175	0
713	175	0
714	175	0
715	175	0
716	175	0
717	175	0
718	175	0
719	176	0
720	175	0
721	175	0
722	175	0
723	175	0
724	175	0
725	175	0
726	175	0
727	175	0
728	175	0
729	175	0
730	175	0
731	175	0
732	175	0
733	175	0
734	175	0
735	175	0
736	175	0
737	175	0
738	175	0
739	174	0
740	175	0
741	176	0
742	176	0
743	176	0
744	175	0
745	176	0
746	175	0
747	175	0
748	176	0
749	175	0
750	175	0
751	175	0
752	175	0
753	175	0
754	174	0
755	175	0
756	175	0
757	175	0
758	175	0
759	175	0
760	175	0
761	175	0
762	177	0
763	176	0
764	175	0
765	175	0
766	175	0
767	176	0
768	176	0
769	175	0
770	175	0
771	175	0
772	175	0
773	175	0
774	175	0
775	175	0
776	175	0
777	174	0
778	175	0
779	174	0
780	174	0
781	175	0
782	174	0
783	176	0
784	175	0
785	175	0
786	175	0
787	175	0
788	175	0
789	175	0
790	174	0
791	175	0
792	175	0
793	176	0
794	174	0
795	175	0
796	174	0
797	174	0
798	175	0
799	175	0
800	175	0
801	176	0
802	175	0
803	175	0
804	176	0
805	175	0
806	175	0
807	175	0
808	176	0
809	174	0
810	175	0
811	175	0
812	176	0
813	176	0
814	175	0
815	175	0
816	176	0
817	174	0
818	175	0
819	175	0
820	175	0
821	175	0
822	175	0
823	175	0
824	175	0
825	175	0
826	175	0
827	174	0
828	175	0
829	175	0
830	174	0
831	175	0
832	174	0
833	175	0
834	175	0
835	175	0
836	175	0
837	175	0
838	175	0
839	175	0
840	175	0
841	175	0
842	175	0
843	175	0
844	175	0
845	175	0
846	175	0
847	175	0
848	175	0
849	175	0
850	175	0
851	175	0
852	175	0
853	176	0
854	174	0
855	175	0
856	175	0
857	175	0
858	175	0
859	175	0
860	175	0
861	175	0
862	175	0
863	175	0
864	176	0
865	175	0
866	175	0
867	175	0
868	175	0
869	174	0
870	175	0
871	175	0
872	175	0
873	175	0
874	176	0
875	174	0
876	175	0
877	176	0
878	175	0
879	176	0
880	175	0
881	176	0
882	175	0
883	176	0
884	175	0
885	175	0
886	175	0
887	175	0
888	176	0
889	175	0
890	176	0
891	175	0
892	175	0
893	176	0
894	175	0
895	176	0
896	175	0
897	176	0
898	175	0
899	176	0
900	175	0
901	175	0
902	175	0
903	174	0
904	175	0
905	175	0
906	175	0
907	175	0
908	175	0
909	175	0
910	175	0
911	175	0
912	175	0
913	175	0
914	176	0
915	175	0
916	176	0
917	176	0
918	175	0
919	175	0
920	175	0
921	175	0
922	175	0
923	174	0
924	175	0
925	176	0
926	175	0
927	175	0
928	176	0
929	176	0
930	175	0
931	175	0
932	175	0
933	175	0
934	175	0
935	175	0
936	176	0
937	175	0
938	175	0
939	175	0
940	175	0
941	175	0
942	175	0
943	176	0
944	175	0
945	175	0
946	175	0
947	175	0
948	175	0
949	176	0
950	175	0
951	175	0
952	175	0
953	175	0
954	175	0
955	175	0
956	174	0
957	175	0
958	176	0
959	175	0
960	175	0
961	175	0
962	175	0
963	175	0
964	175	0
965	175	0
966	174	0
967	175	0
968	175	0
969	175	0
970	175	0
971	175	0
972	176	0
973	175	0
974	175	0
975	175	0
976	175	0
977	175	0
978	175	0
979	176	0
980	175	0
981	175	0
982	176	0
983	175	0
984	175	0
985	175	0
986	175	0
987	175	0
988	175	0
989	175	0
990	176	0
991	175	0
992	175	0
993	175	0
994	175	0
995	175	0
996	175	0
997	175	0
998	175	0
999	175	0
1000	174	0
1001	174	0
1002	175	0
1003	175	0
1004	175	0
1005	175	0
1006	175	0
1007	175	0
1008	174	0
1009	175	0
1010	175	0
1011	176	0
1012	175	0
1013	175	0
1014	174	0
1015	175	0
1016	175	0
1017	175	0
1018	175	0
1019	175	0
1020	174	0
1021	175	0
1022	175	0
1023	175	0
1024	175	0
1025	176	0
1026	175	0
1027	175	0
1028	176	0
1029	175	0
1030	176	0
1031	175	0
1032	175	0
1033	175	0
1034	176	0
1035	175	0
1036	175	0
1037	175	0
1038	175	0
1039	174	0
1040	175	0
1041	175	0
1042	175	0
1043	175	0
1044	175	0
1045	175	0
1046	175	0
1047	174	0
1048	175	0
1049	175	0
1050	174	0
1051	175	0
1052	175	0
1053	175	0
1054	175	0
1055	175	0
1056	175	0
1057	175	0
1058	175	0
1059	174	0
1060	175	0
1061	175	0
1062	175	0
1063	175	0
1064	175	0
1065	175	0
1066	175	0
1067	175	0
1068	175	0
1069	175	0
1070	175	0
1071	175	0
1072	175	0
1073	175	0
1074	175	0
1075	175	0
1076	174	0
1077	175	0
1078	176	0
1079	175	0
1080	175	0
1081	175	0
1082	175	0
1083	175	0
1084	175	0
1085	175	0
1086	175	0
1087	174	0
1088	175	0
1089	175	0
1090	174	0
1091	175	0
1092	175	0
1093	176	0
1094	174	0
1095	175	0
1096	175	0
1097	176	0
1098	176	0
1099	175	0
1100	177	0
1101	175	0
1102	175	0
1103	175	0
1104	175	0
1105	174	0
1106	175	0
1107	175	0
1108	175	0
1109	175	0
1110	175	0
1111	176	0
1112	175	0
1113	175	0
1114	175	0
1115	176	0
1116	174	0
1117	175	0
1118	175	0
1119	175	0
1120	176	0
1121	176	0
1122	176	0
1123	175	0
1124	175	0
1125	175	0
1126	175	0
1127	175	0
1128	176	0
1129	175	0
1130	174	0
1131	175	0
1132	175	0
1133	175	0
1134	175	0
1135	175	0
1136	175	0
1137	175	0
1138	175	0
1139	176	0
1140	175	0
1141	175	0
1142	175	0
1143	175	0
1144	175	0
1145	175	0
1146	175	0
1147	174	0
1148	175	0
1149	175	0
1150	175	0
1151	175	0
1152	175	0
1153	175	0
1154	175	0
1155	174	0
1156	175	0
1157	175	0
1158	175	0
1159	175	0
1160	175	0
1161	175	0
1162	174	0
1163	175	0
1164	174	0
1165	175	0
1166	175	0
1167	175	0
1168	175	0
1169	175	0
1170	176	0
1171	175	0
1172	175	0
1173	175	0
1174	176	0
1175	175	0
1176	175	0
1177	175	0
1178	175	0
1179	175	0
1180	175	0
1181	176	0
1182	176	0
1183	176	0
1184	175	0
1185	174	0
1186	175	0
1187	175	0
1188	174	0
1189	175	0
1190	175	0
1191	175	0
1192	175	0
1193	175	0
1194	175	0
1195	175	0
1196	175	0
1197	176	0
1198	175	0
1199	175	0
1200	176	0
1201	175	0
1202	175	0
1203	174	0
1204	175	0
1205	175	0
1206	175	0
1207	176	0
1208	175	0
1209	175	0
1210	175	0
1211	175	0
1212	175	0
1213	175	0
1214	175	0
1215	174	0
1216	175	0
1217	175	0
1218	175	0
1219	176	0
1220	176	0
1221	175	0
1222	175	0
1223	176	0
1224	176	0
1225	176	0
1226	174	0
1227	175	0
1228	175	0
1229	175	0
1230	176	0
1231	174	0
1232	176	0
1233	175	0
1234	175	0
1235	175	0
1236	176	0
1237	176	0
1238	175	0
1239	175	0
1240	176	0
1241	174	0
1242	176	0
1243	175	0
1244	175	0
1245	175	0
1246	175	0
1247	176	0
1248	175	0
1249	175	0
1250	176	0
1251	175	0
1252	175	0
1253	176	0
1254	175	0
1255	175	0
1256	175	0
1257	174	0
1258	175	0
1259	175	0
1260	175	0
1261	175	0
1262	175	0
1263	175	0
1264	176	0
1265	175	0
1266	175	0
1267	175	0
1268	174	0
1269	175	0
1270	175	0
1271	175	0
1272	175	0
1273	174	0
1274	175	0
1275	175	0
1276	174	0
1277	175	0
1278	175	0
1279	174	0
1280	175	0
1281	175	0
1282	175	0
1283	175	0
1284	175	0
1285	175	0
1286	175	0
1287	174	0
1288	175	0
1289	175	0
1290	175	0
1291	175	0
1292	175	0
1293	175	0
1294	175	0
1295	175	0
1296	175	0
1297	175	0
1298	175	0
1299	175	0
1300	175	0
1301	175	0
1302	176	0
1303	176	0
1304	175	0
1305	176	0
1306	176	0
1307	176	0
1308	176	0
1309	176	0
1310	177	0
1311	177	0
1312	178	0
1313	178	0
1314	178	0
1315	178	0
1316	178	0
1317	179	0
1318	179	0
1319	178	0
1320	179	0
1321	179	0
1322	179	0
1323	179	0
1324	179	0
1325	180	0
1326	180	0
1327	180	0
1328	180	0
1329	180	0
1330	179	0
1331	180	0
1332	181	0
1333	180	0
1334	180	0
1335	181	0
1336	181	0
1337	181	0
1338	181	0
1339	181	0
1340	181	0
1341	181	0
1342	181	0
1343	181	0
1344	182	0
1345	182	0
1346	182	0
1347	181	0
1348	182	0
1349	182	0
1350	183	0
1351	183	0
1352	183	0
1353	183	0
1354	183	0
1355	183	0
1356	184	0
1357	184	0
1358	183	0
1359	184	0
1360	184	0
1361	184	0
1362	184	0
1363	185	0
1364	184	0
1365	185	0
1366	185	0
1367	184	0
1368	185	0
1369	185	0
1370	185	0
1371	185	0
1372	185	0
1373	186	0
1374	186	0
1375	186	0
1376	186	0
1377	187	0
1378	187	0
1379	187	0
1380	187	0
1381	187	0
1382	187	0
1383	188	0
1384	189	0
1385	188	0
1386	189	0
1387	189	0
1388	189	0
1389	189	0
1390	189	0
1391	189	0
1392	189	0
1393	189	0
1394	189	0
1395	190	0
1396	190	0
1397	190	0
1398	190	0
1399	191	0
1400	190	0
1401	190	0
1402	191	0
1403	190	0
1404	191	0
1405	192	0
1406	192	0
1407	192	0
1408	192	0
1409	192	0
1410	192	0
1411	192	0
1412	192	0
1413	192	0
1414	192	0
1415	192	0
1416	193	0
1417	193	0
1418	193	0
1419	193	0
1420	193	0
1421	193	0
1422	193	0
1423	192	0
1424	193	0
1425	193	0
1426	193	0
1427	194	0
1428	194	0
1429	193	0
1430	193	0
1431	193	0
1432	193	0
1433	193	0
1434	193	0
1435	194	0
1436	193	0
1437	194	0
1438	194	0
1439	193	0
1440	194	0
1441	194	0
1442	193	0
1443	193	0
1444	194	0
1445	194	0
1446	194	0
1447	194	0
1448	193	0
1449	194	0
1450	194	0
1451	194	0
1452	194	0
1453	194	0
1454	194	0
1455	194	0
1456	194	0
1457	194	0
1458	194	0
1459	194	0
1460	194	0
1461	194	0
1462	194	0
1463	194	0
1464	194	0
1465	194	0
1466	194	0
1467	194	0
1468	194	0
1469	194	0
1470	194	0
1471	194	0
1472	194	0
1473	194	0
1474	194	0
1475	194	0
1476	194	0
1477	194	0
1478	194	0
1479	193	0
1480	194	0
1481	194	0
1482	193	0
1483	194	0
1484	194	0
1485	194	0
1486	194	0
1487	194	0
1488	194	0
1489	194	0
1490	194	0
1491	194	0
1492	194	0
1493	194	0
1494	194	0
1495	194	0
1496	194	0
1497	194	0
1498	194	0
1499	194	0
1500	194	0
1501	194	0
1502	194	0
1503	194	0
1504	194	0
1505	195	0
1506	194	0
1507	194	0
1508	194	0
1509	194	0
1510	194	0
1511	194	0
1512	194	0
1513	194	0
1514	194	0
1515	194	0
1516	194	0
1517	194	0
1518	194	0
1519	194	0
1520	194	0
1521	194	0
1522	194	0
1523	194	0
1524	195	0
1525	195	0
1526	194	0
1527	194	0
1528	194	0
1529	194	0
1530	194	0
1531	194	0
1532	195	0
1533	194	0
1534	195	0
1535	195	0
1536	195	0
1537	195	0
1538	195	0
1539	194	0
1540	195	0
1541	195	0
1542	195	0
1543	194	0
1544	195	0
1545	194	0
1546	195	0
1547	195	0
1548	195	0
1549	194	0
1550	194	0
1551	194	0
1552	195	0
1553	195	0
1554	194	0
1555	194	0
1556	195	0
1557	195	0
1558	194	0
1559	194	0
1560	195	0
1561	195	0
1562	195	0
1563	194	0
1564	195	0
1565	194	0
1566	194	0
1567	195	0
1568	194	0
1569	194	0
1570	194	0
1571	195	0
1572	195	0
1573	194	0
1574	194	0
1575	195	0
1576	194	0
1577	195	0
1578	194	0
1579	195	0
1580	194	0
1581	195	0
1582	194	0
1583	195	0
1584	195	0
1585	194	0
1586	195	0
1587	194	0
1588	195	0
1589	194	0
1590	195	0
1591	195	0
1592	194	0
1593	194	0
1594	195	0
1595	194	0
1596	195	0
1597	194	0
1598	194	0
1599	194	0
1600	194	0
1601	194	0
1602	195	0
1603	194	0
1604	194	0
1605	194	0
1606	195	0
1607	195	0
1608	194	0
1609	194	0
1610	195	0
1611	194	0
1612	194	0
1613	195	0
1614	194	0
1615	194	0
1616	194	0
1617	195	0
1618	195	0
1619	194	0
1620	194	0
1621	194	0
1622	194	0
1623	194	0
1624	194	0
1625	194	0
1626	194	0
1627	194	0
1628	193	0
1629	193	0
1630	194	0
1631	194	0
1632	193	0
1633	193	0
1634	193	0
1635	193	0
1636	193	0
1637	192	0
1638	193	0
1639	192	0
1640	192	0
1641	193	0
1642	192	0
1643	192	0
1644	190	0
1645	191	0
1646	191	0
1647	190	0
1648	189	0
1649	190	0
1650	189	0
1651	189	0
1652	189	0
1653	189	0
1654	189	0
1655	188	0
1656	188	0
1657	188	0
1658	187	0
1659	187	0
1660	187	0
1661	186	0
1662	186	0
1663	186	0
1664	185	0
1665	185	0
1666	184	0
1667	184	0
1668	184	0
1669	185	0
1670	184	0
1671	184	0
1672	184	0
1673	183	0
1674	183	0
1675	182	0
1676	182	0
1677	181	0
1678	181	0
1679	181	0
1680	180	0
1681	180	0
1682	180	0
1683	180	0
1684	179	0
1685	179	0
1686	179	0
1687	179	0
1688	178	0
1689	177	0
1690	177	0
1691	176	0
1692	176	0
1693	177	0
1694	176	0
1695	175	0
1696	175	0
1697	175	0
1698	175	0
1699	174	0
1700	174	0
1701	175	0
1702	175	0
1703	175	0
1704	176	0
1705	176	0
1706	175	0
1707	176	0
1708	175	0
1709	175	0
1710	175	0
1711	176	0
1712	175	0
1713	175	0
1714	175	0
1715	176	0
1716	175	0
1717	175	0
1718	175	0
1719	175	0
1720	175	0
1721	175	0
1722	175	0
1723	175	0
1724	175	0
1725	175	0
1726	175	0
1727	176	0
1728	176	0
1729	175	0
1730	175	0
1731	175	0
1732	175	0
1733	176	0
1734	175	0
1735	175	0
1736	175	0
1737	175	0
1738	176	0
1739	177	0
1740	175	0
1741	175	0
1742	175	0
1743	175	0
1744	175	0
1745	175	0
1746	177	0
1747	176	0
1748	174	0
1749	175	0
1750	175	0
1751	174	0
1752	175	0
1753	175	0
1754	175	0
1755	175	0
1756	175	0
1757	175	0
1758	175	0
1759	176	0
1760	175	0
1761	176	0
1762	175	0
1763	176	0
1764	174	0
1765	175	0
1766	175	0
1767	175	0
1768	176	0
1769	175	0
1770	175	0
1771	175	0
1772	175	0
1773	175	0
1774	176	0
1775	175	0
1776	175	0
1777	175	0
1778	175	0
1779	175	0
1780	175	0
1781	175	0
1782	175	0
1783	175	0
1784	175	0
1785	175	0
1786	175	0
1787	175	0
1788	175	0
1789	175	0
1790	175	0
1791	175	0
1792	175	0
1793	175	0
1794	175	0
1795	175	0
1796	175	0
1797	175	0
1798	175	0
1799	175	0
1800	175	0
1801	174	0
1802	175	0
1803	175	0
1804	175	0
1805	175	0
1806	175	0
1807	176	0
1808	175	0
1809	175	0
1810	174	0
1811	175	0
1812	175	0
1813	175	0
1814	175	0
1815	174	0
1816	175	0
1817	175	0
1818	175	0
1819	175	0
1820	175	0
1821	176	0
1822	175	0
1823	175	0
1824	175	0
1825	175	0
1826	174	0
1827	175	0
1828	175	0
1829	175	0
1830	175	0
1831	175	0
1832	176	0
1833	175	0
1834	175	0
1835	175	0
1836	175	0
1837	175	0
1838	175	0
1839	176	0
1840	175	0
1841	175	0
1842	175	0
1843	175	0
1844	175	0
1845	175	0
1846	175	0
1847	175	0
1848	175	0
1849	175	0
1850	176	0
1851	176	0
1852	175	0
1853	174	0
1854	175	0
1855	175	0
1856	175	0
1857	175	0
1858	175	0
1859	175	0
1860	175	0
1861	174	0
1862	175	0
1863	174	0
1864	174	0
1865	175	0
1866	174	0
1867	173	0
1868	173	0
1869	173	0
1870	173	0
1871	173	0
1872	172	0
1873	172	0
1874	172	0
1875	171	0
1876	172	0
1877	172	0
1878	171	0
1879	171	0
1880	171	0
1881	170	0
1882	170	0
1883	170	0
1884	170	0
1885	169	0
1886	169	0
1887	169	0
1888	169	0
1889	168	0
1890	169	0
1891	168	0
1892	168	0
1893	168	0
1894	168	0
1895	167	0
1896	167	0
1897	166	0
1898	167	0
1899	166	0
1900	166	0
1901	166	0
1902	165	0
1903	165	0
1904	165	0
1905	165	0
1906	165	0
1907	165	0
1908	164	0
1909	164	0
1910	164	0
1911	163	0
1912	163	0
1913	163	0
1914	163	0
1915	163	0
1916	163	0
1917	163	0
1918	162	0
1919	163	0
1920	162	0
1921	162	0
1922	162	0
1923	162	0
1924	162	0
1925	162	0
1926	162	0
1927	162	0
1928	162	0
1929	162	0
1930	162	0
1931	162	0
1932	162	0
1933	161	0
1934	161	0
1935	161	0
1936	161	0
1937	161	0
1938	161	0
1939	161	0
1940	161	0
1941	161	0
1942	161	0
1943	160	0
1944	161	0
1945	160	0
1946	161	0
1947	160	0
1948	160	0
1949	160	0
1950	161	0
1951	160	0
1952	160	0
1953	160	0
1954	159	0
1955	160	0
1956	160	0
1957	159	0
1958	158	0
1959	158	0
1960	158	0
1961	158	0
1962	158	0
1963	157	0
1964	157	0
1965	157	0
1966	157	0
1967	157	0
1968	157	0
1969	157	0
1970	156	0
1971	156	0
1972	156	0
1973	156	0
1974	156	0
1975	156	0
1976	156	0
1977	155	0
1978	155	0
1979	155	0
1980	155	0
1981	154	0
1982	154	0
1983	154	0
1984	154	0
1985	154	0
1986	153	0
1987	153	0
1988	153	0
1989	153	0
1990	152	0
1991	151	0
1992	152	0
1993	152	0
1994	151	0
1995	151	0
1996	151	0
1997	150	0
1998	150	0
1999	150	0
2000	150	0
2001	149	0
2002	149	0
2003	149	0
2004	149	0
2005	149	0
2006	149	0
2007	149	0
2008	149	0
2009	148	0
2010	148	0
2011	148	0
2012	148	0
2013	147	0
2014	148	0
2015	147	0
2016	146	0
2017	146	0
2018	146	0
2019	146	0
2020	146	0
2021	145	0
2022	145	0
2023	145	0
2024	145	0
2025	145	0
2026	144	0
2027	145	0
2028	145	0
2029	144	0
2030	145	0
2031	144	0
2032	145	0
2033	145	0
2034	145	0
2035	144	0
2036	144	0
2037	144	0
2038	144	0
2039	144	0
2040	143	0
2041	143	0
2042	143	0
2043	143	0
2044	143	0
2045	143	0
2046	143	0
2047	143	0
2048	143	0
2049	143	0
2050	142	0
2051	142	0
2052	142	0
2053	142	0
2054	142	0
2055	141	0
2056	141	0
2057	141	0
2058	141	0
2059	141	0
2060	141	0
2061	141	0
2062	141	0
2063	141	0
2064	141	0
2065	141	0
2066	140	0
2067	141	0
2068	141	0
2069	141	0
2070	140	0
2071	141	0
2072	140	0
2073	140	0
2074	140	0
2075	140	0
2076	140	0
2077	140	0
2078	140	0
2079	140	0
2080	140	0
2081	140	0
2082	140	0
2083	140	0
2084	140	0
2085	140	0
2086	140	0
2087	140	0
2088	140	0
2089	140	0
2090	140	0
2091	140	0
2092	141	0
2093	140	0
2094	140	0
2095	140	0
2096	140	0
2097	140	0
2098	140	0
2099	140	0
2100	140	0
2101	140	0
2102	140	0
2103	140	0
2104	140	0
2105	140	0
2106	140	0
2107	140	0
2108	141	0
2109	140	0
2110	140	0
2111	141	0
2112	140	0
2113	140	0
2114	140	0
2115	140	0
2116	139	0
2117	140	0
2118	140	0
2119	140	0
2120	140	0
2121	140	0
2122	140	0
2123	140	0
2124	140	0
2125	139	0
2126	140	0
2127	140	0
2128	140	0
2129	140	0
2130	140	0
2131	141	0
2132	140	0
2133	140	0
2134	140	0
2135	140	0
2136	139	0
2137	140	0
2138	140	0
2139	140	0
2140	140	0
2141	140	0
2142	140	0
2143	140	0
2144	139	0
2145	139	0
2146	140	0
2147	139	0
2148	140	0
2149	140	0
2150	139	0
2151	140	0
2152	139	0
2153	140	0
2154	140	0
2155	140	0
2156	140	0
2157	139	0
2158	139	0
2159	140	0
2160	139	0
2161	140	0
2162	139	0
2163	140	0
2164	140	0
2165	140	0
2166	140	0
2167	140	0
2168	139	0
2169	140	0
2170	140	0
2171	140	0
2172	139	0
2173	140	0
2174	140	0
2175	140	0
2176	140	0
2177	140	0
2178	140	0
2179	140	0
2180	140	0
2181	139	0
2182	139	0
2183	140	0
2184	140	0
2185	140	0
2186	140	0
2187	140	0
2188	140	0
2189	140	0
2190	140	0
2191	140	0
2192	141	0
2193	139	0
2194	140	0
2195	140	0
2196	139	0
2197	140	0
2198	139	0
2199	140	0
2200	140	0
2201	140	0
2202	139	0
2203	139	0
2204	140	0
2205	140	0
2206	140	0
2207	139	0
2208	139	0
2209	140	0
2210	140	0
2211	140	0
2212	140	0
2213	140	0
2214	140	0
2215	140	0
2216	140	0
2217	140	0
2218	140	0
2219	140	0
2220	139	0
2221	139	0
2222	140	0
2223	140	0
2224	139	0
2225	140	0
2226	140	0
2227	140	0
2228	140	0
2229	140	0
2230	140	0
2231	139	0
2232	139	0
2233	139	0
2234	140	0
2235	140	0
2236	140	0
2237	140	0
2238	140	0
2239	140	0
2240	139	0
2241	140	0
2242	139	0
2243	140	0
2244	140	0
2245	139	0
2246	140	0
2247	139	0
2248	140	0
2249	140	0
2250	140	0
2251	140	0
2252	140	0
2253	139	0
2254	140	0
2255	139	0
2256	140	0
2257	139	0
2258	140	0
2259	139	0
2260	140	0
2261	140	0
2262	140	0
2263	140	0
2264	140	0
2265	139	0
2266	141	0
2267	139	0
2268	140	0
2269	140	0
2270	141	0
2271	139	0
2272	140	0
2273	140	0
2274	140	0
2275	140	0
2276	140	0
2277	139	0
2278	140	0
2279	140	0
2280	140	0
2281	140	0
2282	140	0
2283	141	0
2284	141	0
2285	141	0
2286	141	0
2287	141	0
2288	141	0
2289	141	0
2290	141	0
2291	142	0
2292	141	0
2293	141	0
2294	142	0
2295	141	0
2296	142	0
2297	142	0
2298	142	0
2299	142	0
2300	142	0
2301	142	0
2302	143	0
2303	142	0
2304	142	0
2305	143	0
2306	143	0
2307	143	0
2308	142	0
2309	143	0
2310	143	0
2311	144	0
2312	143	0
2313	144	0
2314	144	0
2315	144	0
2316	144	0
2317	144	0
2318	144	0
2319	144	0
2320	145	0
2321	144	0
2322	145	0
2323	145	0
2324	145	0
2325	144	0
2326	145	0
2327	144	0
2328	145	0
2329	144	0
2330	145	0
2331	145	0
2332	145	0
2333	145	0
2334	145	0
2335	145	0
2336	145	0
2337	145	0
2338	145	0
2339	145	0
2340	146	0
2341	146	0
2342	146	0
2343	145	0
2344	146	0
2345	146	0
2346	146	0
2347	146	0
2348	146	0
2349	146	0
2350	146	0
2351	147	0
2352	147	0
2353	147	0
2354	147	0
2355	147	0
2356	147	0
2357	147	0
2358	148	0
2359	147	0
2360	148	0
2361	148	0
2362	148	0
2363	148	0
2364	148	0
2365	148	0
2366	148	0
2367	149	0
2368	149	0
2369	149	0
2370	149	0
2371	149	0
2372	149	0
2373	149	0
2374	149	0
2375	149	0
2376	150	0
2377	150	0
2378	149	0
2379	150	0
2380	150	0
2381	150	0
2382	150	0
2383	151	0
2384	151	0
2385	151	0
2386	151	0
2387	151	0
2388	152	0
2389	152	0
2390	152	0
2391	153	0
2392	152	0
2393	153	0
2394	153	0
2395	153	0
2396	153	0
2397	154	0
2398	154	0
2399	154	0
2400	154	0
2401	154	0
2402	155	0
2403	154	0
2404	155	0
2405	156	0
2406	156	0
2407	155	0
2408	156	0
2409	156	0
2410	156	0
2411	157	0
2412	157	0
2413	157	0
2414	157	0
2415	157	0
2416	158	0
2417	158	0
2418	159	0
2419	159	0
2420	160	0
2421	160	0
2422	161	0
2423	161	0
2424	161	0
2425	161	0
2426	162	0
2427	162	0
2428	162	0
2429	162	0
2430	163	0
2431	163	0
2432	164	0
2433	164	0
2434	164	0
2435	165	0
2436	165	0
2437	165	0
2438	166	0
2439	166	0
2440	167	0
2441	168	0
2442	168	0
2443	168	0
2444	169	0
2445	169	0
2446	169	0
2447	170	0
2448	170	0
2449	171	0
2450	171	0
2451	172	0
2452	172	0
2453	172	0
2454	173	0
2455	173	0
2456	173	0
2457	174	0
2458	175	0
2459	175	0
2460	175	0
2461	175	0
2462	175	0
2463	174	0
2464	175	0
2465	175	0
2466	175	0
2467	174	0
2468	175	0
2469	174	0
2470	175	0
2471	175	0
2472	174	0
2473	175	0
2474	175	0
2475	175	0
2476	175	0
2477	175	0
2478	175	0
2479	175	0
2480	175	0
2481	174	0
2482	174	0
2483	175	0
2484	175	0
2485	175	0
2486	175	0
2487	174	0
2488	175	0
2489	175	0
2490	174	0
2491	175	0
2492	175	0
2493	175	0
2494	175	0
2495	175	0
2496	175	0
2497	175	0
2498	175	0
2499	175	0
2500	175	0
2501	176	0
2502	175	0
2503	175	0
2504	175	0
2505	175	0
2506	176	0
2507	175	0
2508	175	0
2509	175	0
2510	175	0
2511	174	0
2512	175	0
2513	175	0
2514	175	0
2515	175	0
2516	175	0
2517	175	0
2518	175	0
2519	175	0
2520	175	0
2521	174	0
2522	175	0
2523	175	0
2524	175	0
2525	176	0
2526	176	0
2527	176	0
2528	176	0
2529	175	0
2530	175	0
2531	175	0
2532	175	0
2533	174	0
2534	175	0
2535	176	0
2536	175	0
2537	175	0
2538	175	0
2539	176	0
2540	175	0
2541	175	0
2542	175	0
2543	175	0
2544	175	0
2545	175	0
2546	175	0
2547	174	0
2548	175	0
2549	175	0
2550	175	0
2551	175	0
2552	175	0
2553	175	0
2554	175	0
2555	175	0
2556	176	0
2557	176	0
2558	175	0
2559	176	0
2560	176	0
2561	176	0
2562	177	0
2563	177	0
2564	177	0
2565	178	0
2566	178	0
2567	178	0
2568	179	0
2569	179	0
2570	179	0
2571	180	0
2572	180	0
2573	180	0
2574	180	0
2575	181	0
2576	181	0
2577	181	0
2578	182	0
2579	182	0
2580	182	0
2581	183	0
2582	183	0
2583	184	0
2584	183	0
2585	183	0
2586	184	0
2587	185	0
2588	185	0
2589	185	0
2590	186	0
2591	185	0
2592	186	0
2593	186	0
2594	187	0
2595	187	0
2596	187	0
2597	187	0
2598	188	0
2599	189	0
2600	189	0
2601	189	0
2602	189	0
2603	189	0
2604	190	0
2605	190	0
2606	190	0
2607	192	0
2608	192	0
2609	191	0
2610	192	0
2611	193	0
2612	192	0
2613	193	0
2614	193	0
2615	194	0
2616	194	0
2617	195	0
2618	195	0
2619	195	0
2620	197	0
2621	196	0
2622	197	0
2623	196	0
2624	197	0
2625	197	0
2626	197	0
2627	198	0
2628	198	0
2629	199	0
2630	200	0
2631	200	0
2632	200	0
2633	200	0
2634	201	0
2635	201	0
2636	201	0
2637	202	0
2638	202	0
2639	202	0
2640	203	0
2641	203	0
2642	204	0
2643	205	0
2644	205	0
2645	205	0
2646	206	0
2647	206	0
2648	207	0
2649	208	0
2650	207	0
2651	208	0
2652	208	0
2653	209	0
2654	209	0
2655	209	0
2656	209	0
2657	209	0
2658	210	0
2659	210	0
2660	211	0
2661	211	0
2662	212	0
2663	212	0
2664	213	0
2665	213	0
2666	213	0
2667	213	0
2668	213	0
2669	213	0
2670	213	0
2671	213	0
2672	212	0
2673	213	0
2674	213	0
2675	213	0
2676	213	0
2677	213	0
2678	213	0
2679	213	0
2680	213	0
2681	213	0
2682	213	0
2683	213	0
2684	213	0
2685	213	0
2686	213	0
2687	213	0
2688	213	0
2689	213	0
2690	213	0
2691	213	0
2692	213	0
2693	213	0
2694	213	0
2695	213	0
2696	213	0
2697	213	0
2698	213	0
2699	213	0
2700	213	0
2701	213	0
2702	213	0
2703	213	0
2704	213	0
2705	213	0
2706	213	0
2707	213	0
2708	213	0
2709	213	0
2710	213	0
2711	213	0
2712	213	0
2713	213	0
2714	213	0
2715	213	0
2716	212	0
2717	213	0
2718	213	0
2719	213	0
2720	213	0
2721	213	0
2722	213	0
2723	213	0
2724	213	0
2725	213	0
2726	213	0
2727	213	0
2728	213	0
2729	213	0
2730	213	0
2731	213	0
2732	213	0
2733	213	0
2734	213	0
2735	213	0
2736	213	0
2737	213	0
2738	213	0
2739	213	0
2740	213	0
2741	213	0
2742	213	0
2743	213	0
2744	213	0
2745	213	0
2746	213	0
2747	212	0
2748	213	0
2749	213	0
2750	213	0
2751	213	0
2752	213	0
2753	213	0
2754	213	0
2755	213	0
2756	213	0
2757	213	0
2758	213	0
2759	213	0
2760	213	0
2761	213	0
2762	213	0
2763	213	0
2764	213	0
2765	213	0
2766	213	0
2767	213	0
2768	213	0
2769	213	0
2770	213	0
2771	213	0
2772	213	0
2773	213	0
2774	213	0
2775	213	0
2776	213	0
2777	213	0
2778	213	0
2779	213	0
2780	213	0
2781	213	0
2782	213	0
2783	213	0
2784	213	0
2785	213	0
2786	213	0
2787	213	0
2788	213	0
2789	213	0
2790	213	0
2791	213	0
2792	213	0
2793	213	0
2794	213	0
2795	213	0
2796	213	0
2797	213	0
2798	213	0
2799	213	0
2800	213	0
2801	213	0
2802	213	0
2803	213	0
2804	213	0
2805	213	0
2806	213	0
2807	213	0
2808	213	0
2809	213	0
2810	213	0
2811	213	0
2812	213	0
2813	213	0
2814	213	0
2815	213	0
2816	213	0
2817	213	0
2818	213	0
2819	213	0
2820	213	0
2821	213	0
2822	213	0
2823	213	0
2824	213	0
2825	213	0
2826	213	0
2827	213	0
2828	213	0
2829	213	0
2830	213	0
2831	213	0
2832	213	0
2833	213	0
2834	213	0
2835	213	0
2836	213	0
2837	213	0
2838	213	0
2839	213	0
2840	213	0
2841	213	0
2842	213	0
2843	213	0
2844	213	0
2845	213	0
2846	213	0
2847	213	0
2848	213	0
2849	213	0
2850	213	0
2851	213	0
2852	213	0
2853	213	0
2854	213	0
2855	213	0
2856	213	0
2857	213	0
2858	213	0
2859	213	0
2860	213	0
2861	213	0
2862	213	0
2863	213	0
2864	213	0
2865	213	0
2866	213	0
2867	213	0
2868	213	0
2869	212	0
2870	213	0
2871	213	0
2872	213	0
2873	213	0
2874	213	0
2875	213	0
2876	213	0
2877	213	0
2878	213	0
2879	213	0
2880	212	0
2881	213	0
2882	213	0
2883	213	0
2884	213	0
2885	213	0
2886	213	0
2887	213	0
2888	212	0
2889	213	0
2890	213	0
2891	213	0
2892	213	0
2893	213	0
2894	213	0
2895	213	0
2896	213	0
2897	213	0
2898	213	0
2899	213	0
2900	213	0
2901	213	0
2902	213	0
2903	213	0
2904	213	0
2905	213	0
2906	213	0
2907	213	0
2908	213	0
2909	213	0
2910	213	0
2911	213	0
2912	213	0
2913	213	0
2914	213	0
2915	213	0
2916	213	0
2917	213	0
2918	213	0
2919	213	0
2920	213	0
2921	213	0
2922	213	0
2923	213	0
2924	213	0
2925	213	0
2926	212	0
2927	213	0
2928	213	0
2929	213	0
2930	213	0
2931	213	0
2932	213	0
2933	213	0
2934	213	0
2935	213	0
2936	213	0
2937	213	0
2938	213	0
2939	213	0
2940	213	0
2941	213	0
2942	213	0
2943	213	0
2944	213	0
2945	213	0
2946	213	0
2947	213	0
2948	213	0
2949	213	0
2950	213	0
2951	213	0
2952	213	0
2953	213	0
2954	213	0
2955	213	0
2956	213	0
2957	213	0
2958	213	0
2959	213	0
2960	213	0
2961	213	0
2962	213	0
2963	213	0
2964	213	0
2965	213	0
2966	213	0
2967	213	0
2968	214	0
2969	213	0
2970	213	0
2971	213	0
2972	213	0
2973	213	0
2974	213	0
2975	214	0
2976	213	0
2977	213	0
2978	213	0
2979	213	0
2980	213	0
2981	213	0
2982	213	0
2983	213	0
2984	213	0
2985	213	0
2986	213	0
2987	213	0
2988	213	0
2989	213	0
2990	213	0
2991	213	0
2992	213	0
2993	213	0
2994	213	0
2995	213	0
2996	213	0
2997	213	0
2998	213	0
2999	213	0
3000	213	0
3001	213	0
3002	213	0
3003	213	0
3004	213	0
3005	213	0
3006	213	0
3007	213	0
3008	213	0
3009	213	0
3010	213	0
3011	213	0
3012	213	0
3013	213	0
3014	213	0
3015	213	0
3016	213	0
3017	213	0
3018	213	0
3019	213	0
3020	213	0
3021	213	0
3022	213	0
3023	213	0
3024	213	0
3025	213	0
3026	213	0
3027	213	0
3028	213	0
3029	213	0
3030	213	0
3031	213	0
3032	213	0
3033	213	0
3034	213	0
3035	213	0
3036	213	0
3037	213	0
3038	213	0
3039	213	0
3040	213	0
3041	213	0
3042	213	0
3043	213	0
3044	213	0
3045	213	0
3046	213	0
3047	212	0
3048	213	0
3049	213	0
3050	213	0
3051	213	0
3052	212	0
3053	212	0
3054	211	0
3055	211	0
3056	211	0
3057	211	0
3058	210	0
3059	210	0
3060	209	0
3061	209	0
3062	209	0
3063	208	0
3064	208	0
3065	208	0
3066	208	0
3067	208	0
3068	208	0
3069	207	0
3070	207	0
3071	207	0
3072	207	0
3073	206	0
3074	206	0
3075	205	0
3076	205	0
3077	205	0
3078	205	0
3079	204	0
3080	204	0
3081	204	0
3082	203	0
3083	203	0
3084	202	0
3085	202	0
3086	202	0
3087	202	0
3088	201	0
3089	201	0
3090	201	0
3091	201	0
3092	201	0
3093	200	0
3094	200	0
3095	200	0
3096	200	0
3097	198	0
3098	198	0
3099	198	0
3100	198	0
3101	197	0
3102	197	0
3103	197	0
3104	197	0
3105	197	0
3106	196	0
3107	196	0
3108	195	0
3109	195	0
3110	195	0
3111	194	0
3112	194	0
3113	193	0
3114	192	0
3115	192	0
3116	193	0
3117	192	0
3118	192	0
3119	192	0
3120	192	0
3121	191	0
3122	190	0
3123	189	0
3124	189	0
3125	189	0
3126	189	0
3127	188	0
3128	187	0
3129	187	0
3130	187	0
3131	186	0
3132	186	0
3133	185	0
3134	184	0
3135	185	0
3136	185	0
3137	184	0
3138	183	0
3139	184	0
3140	184	0
3141	183	0
3142	182	0
3143	182	0
3144	181	0
3145	181	0
3146	180	0
3147	180	0
3148	180	0
3149	180	0
3150	179	0
3151	179	0
3152	178	0
3153	178	0
3154	178	0
3155	178	0
3156	177	0
3157	177	0
3158	176	0
3159	175	0
3160	176	0
3161	175	0
3162	175	0
3163	175	0
3164	175	0
3165	175	0
3166	175	0
3167	175	0
3168	175	0
3169	176	0
3170	175	0
3171	175	0
3172	175	0
3173	175	0
3174	175	0
3175	175	0
3176	175	0
3177	175	0
3178	175	0
3179	175	0
3180	175	0
3181	175	0
3182	175	0
3183	175	0
3184	175	0
3185	175	0
3186	176	0
3187	175	0
3188	175	0
3189	176	0
3190	175	0
3191	176	0
3192	175	0
3193	176	0
3194	175	0
3195	175	0
3196	177	0
3197	176	0
3198	175	0
3199	175	0
3200	175	0
3201	175	0
3202	176	0
3203	175	0
3204	175	0
3205	176	0
3206	175	0
3207	175	0
3208	175	0
3209	175	0
3210	175	0
3211	175	0
3212	175	0
3213	176	0
3214	176	0
3215	175	0
3216	175	0
3217	176	0
3218	175	0
3219	175	0
3220	175	0
3221	175	0
3222	175	0
3223	175	0
3224	175	0
3225	175	0
3226	175	0
3227	175	0
3228	175	0
3229	175	0
3230	176	0
3231	175	0
3232	176	0
3233	175	0
3234	176	0
3235	176	0
3236	175	0
3237	175	0
3238	175	0
3239	175	0
3240	175	0
3241	175	0
3242	175	0
3243	175	0
3244	175	0
3245	175	0
3246	175	0
3247	175	0
3248	175	0
3249	175	0
3250	175	0
3251	174	0
3252	175	0
3253	174	0
3254	175	0
3255	175	0
3256	175	0
3257	175	0
3258	175	0
3259	175	0
3260	174	0
3261	174	0
3262	175	0
3263	175	0
3264	175	0
3265	175	0
3266	175	0
3267	176	0
3268	175	0
3269	175	0
3270	175	0
3271	175	0
3272	175	0
3273	175	0
3274	175	0
3275	175	0
3276	175	0
3277	175	0
3278	176	0
3279	175	0
3280	176	0
3281	176	0
3282	174	0
3283	175	0
3284	175	0
3285	175	0
3286	175	0
3287	175	0
3288	175	0
3289	175	0
3290	174	0
3291	175	0
3292	175	0
3293	175	0
3294	175	0
3295	175	0
3296	175	0
3297	175	0
3298	174	0
3299	175	0
3300	175	0
3301	175	0
3302	175	0
3303	175	0
3304	175	0
3305	175	0
3306	175	0
3307	175	0
3308	175	0
3309	174	0
3310	175	0
3311	175	0
3312	176	0
3313	175	0
3314	175	0
3315	174	0
3316	175	0
3317	175	0
3318	175	0
3319	175	0
3320	175	0
3321	175	0
3322	175	0
3323	174	0
3324	175	0
3325	175	0
3326	176	0
3327	175	0
3328	175	0
3329	176	0
3330	175	0
3331	175	0
3332	175	0
3333	174	0
3334	175	0
3335	175	0
3336	175	0
3337	175	0
3338	175	0
3339	176	0
3340	174	0
3341	175	0
3342	175	0
3343	174	0
3344	175	0
3345	175	0
3346	174	0
3347	175	0
3348	175	0
3349	175	0
3350	175	0
3351	175	0
3352	175	0
3353	175	0
3354	176	0
3355	176	0
3356	176	0
3357	175	0
3358	175	0
3359	175	0
3360	175	0
3361	175	0
3362	175	0
3363	176	0
3364	175	0
3365	175	0
3366	175	0
3367	174	0
3368	176	0
3369	175	0
3370	175	0
3371	175	0
3372	175	0
3373	176	0
3374	175	0
3375	175	0
3376	175	0
3377	175	0
3378	175	0
3379	175	0
3380	175	0
3381	175	0
3382	175	0
3383	175	0
3384	176	0
3385	175	0
3386	175	0
3387	176	0
3388	176	0
3389	175	0
3390	175	0
3391	175	0
3392	175	0
3393	175	0
3394	175	0
3395	175	0
3396	174	0
3397	174	0
3398	175	0
3399	175	0
3400	176	0
3401	174	0
3402	174	0
3403	176	0
3404	175	0
3405	176	0
3406	175	0
3407	175	0
3408	175	0
3409	175	0
3410	174	0
3411	175	0
3412	174	0
3413	175	0
3414	175	0
3415	175	0
3416	176	0
3417	175	0
3418	176	0
3419	175	0
3420	175	0
3421	175	0
3422	175	0
3423	175	0
3424	175	0
3425	175	0
3426	174	0
3427	175	0
3428	175	0
3429	174	0
3430	175	0
3431	175	0
3432	176	0
3433	174	0
3434	176	0
3435	175	0
3436	176	0
3437	175	0
3438	175	0
3439	175	0
3440	174	0
3441	174	0
3442	175	0
3443	174	0
3444	175	0
3445	175	0
3446	176	0
3447	175	0
3448	175	0
3449	175	0
3450	174	0
3451	175	0
3452	175	0
3453	175	0
3454	175	0
3455	174	0
3456	175	0
3457	175	0
3458	175	0
3459	176	0
3460	175	0
3461	175	0
3462	175	0
3463	175	0
3464	174	0
3465	176	0
3466	175	0
3467	175	0
3468	175	0
3469	176	0
3470	175	0
3471	175	0
3472	175	0
3473	175	0
3474	175	0
3475	175	0
3476	175	0
3477	175	0
3478	175	0
3479	175	0
3480	175	0
3481	175	0
3482	175	0
3483	175	0
3484	175	0
3485	175	0
3486	175	0
3487	176	0
3488	175	0
3489	175	0
3490	175	0
3491	176	0
3492	175	0
3493	175	0
3494	175	0
3495	175	0
3496	175	0
3497	175	0
3498	175	0
3499	175	0
3500	176	0
3501	175	0
3502	175	0
3503	175	0
3504	174	0
3505	175	0
3506	175	0
3507	175	0
3508	175	0
3509	175	0
3510	175	0
3511	176	0
3512	175	0
3513	175	0
3514	175	0
3515	175	0
3516	175	0
3517	175	0
3518	175	0
3519	175	0
3520	175	0
3521	175	0
3522	175	0
3523	176	0
3524	176	0
3525	175	0
3526	175	0
3527	175	0
3528	175	0
3529	175	0
3530	175	0
3531	176	0
3532	175	0
3533	175	0
3534	175	0
3535	175	0
3536	175	0
3537	175	0
3538	175	0
3539	175	0
3540	175	0
3541	175	0
3542	175	0
3543	175	0
3544	176	0
3545	175	0
3546	175	0
3547	175	0
3548	175	0
3549	175	0
3550	175	0
3551	176	0
3552	177	0
3553	175	0
3554	175	0
3555	175	0
3556	175	0
3557	175	0
3558	175	0
3559	175	0
3560	175	0
3561	175	0
3562	175	0
3563	175	0
3564	175	0
3565	175	0
3566	175	0
3567	176	0
3568	175	0
3569	175	0
3570	175	0
3571	175	0
3572	175	0
3573	175	0
3574	175	0
3575	175	0
3576	175	0
3577	175	0
3578	175	0
3579	175	0
3580	174	0
3581	175	0
3582	175	0
3583	175	0
3584	175	0
3585	176	0
3586	175	0
3587	174	0
3588	175	0
3589	175	0
3590	175	0
3591	175	0
3592	175	0
3593	175	0
3594	176	0
3595	176	0
3596	176	0
3597	175	0
3598	175	0
3599	175	0
3600	175	0
3601	175	0
3602	175	0
3603	175	0
3604	175	0
3605	176	0
3606	176	0
3607	175	0
3608	175	0
3609	175	0
3610	175	0
3611	175	0
3612	175	0
3613	175	0
3614	175	0
3615	175	0
3616	175	0
3617	174	0
3618	175	0
3619	175	0
3620	175	0
3621	175	0
3622	176	0
3623	175	0
3624	175	0
3625	176	0
3626	176	0
3627	175	0
3628	174	0
3629	176	0
3630	175	0
3631	176	0
3632	175	0
3633	175	0
3634	174	0
3635	175	0
3636	175	0
3637	175	0
3638	175	0
3639	176	0
3640	175	0
3641	174	0
3642	174	0
3643	175	0
3644	175	0
3645	175	0
3646	175	0
3647	175	0
3648	175	0
3649	174	0
3650	175	0
3651	175	0
3652	174	0
3653	175	0
3654	175	0
3655	174	0
3656	175	0
3657	175	0
3658	175	0
3659	175	0
3660	174	0
3661	174	0
3662	174	0
3663	174	0
3664	175	0
3665	175	0
3666	175	0
3667	175	0
3668	175	0
3669	175	0
3670	174	0
3671	174	0
3672	174	0
3673	174	0
3674	174	0
3675	173	0
3676	174	0
3677	174	0
3678	174	0
3679	174	0
3680	174	0
3681	174	0
3682	173	0
3683	174	0
3684	174	0
3685	174	0
3686	173	0
3687	174	0
3688	174	0
3689	174	0
3690	173	0
3691	173	0
3692	173	0
3693	174	0
3694	173	0
3695	173	0
3696	173	0
3697	173	0
3698	173	0
3699	173	0
3700	173	0
3701	173	0
3702	173	0
3703	173	0
3704	173	0
3705	173	0
3706	174	0
3707	173	0
3708	173	0
3709	173	0
3710	173	0
3711	173	0
3712	173	0
3713	173	0
3714	173	0
3715	173	0
3716	173	0
3717	173	0
3718	173	0
3719	173	0
3720	173	0
3721	173	0
3722	173	0
3723	173	0
3724	173	0
3725	173	0
3726	173	0
3727	173	0
3728	173	0
3729	173	0
3730	173	0
3731	173	0
3732	173	0
3733	173	0
3734	173	0
3735	173	0
3736	173	0
3737	173	0
3738	173	0
3739	173	0
3740	173	0
3741	173	0
3742	173	0
3743	173	0
3744	173	0
3745	172	0
3746	172	0
3747	172	0
3748	172	0
3749	173	0
3750	173	0
3751	172	0
3752	172	0
3753	172	0
3754	172	0
3755	172	0
3756	172	0
3757	173	0
3758	173	0
3759	172	0
3760	172	0
3761	172	0
3762	172	0
3763	172	0
3764	172	0
3765	172	0
3766	172	0
3767	172	0
3768	172	0
3769	172	0
3770	172	0
3771	172	0
3772	172	0
3773	172	0
3774	172	0
3775	171	0
3776	172	0
3777	172	0
3778	172	0
3779	171	0
3780	171	0
3781	171	0
3782	172	0
3783	172	0
3784	171	0
3785	172	0
3786	172	0
3787	171	0
3788	172	0
3789	172	0
3790	171	0
3791	172	0
3792	172	0
3793	171	0
3794	171	0
3795	171	0
3796	171	0
3797	171	0
3798	171	0
3799	170	0
3800	169	0
3801	168	0
3802	168	0
3803	167	0
3804	165	0
3805	164	0
3806	164	0
3807	163	0
3808	162	0
3809	162	0
3810	161	0
3811	161	0
3812	160	0
3813	158	0
3814	157	0
3815	156	0
3816	155	0
3817	155	0
3818	154	0
3819	153	0
3820	153	0
3821	152	0
3822	151	0
3823	151	0
3824	150	0
3825	149	0
3826	149	0
3827	149	0
3828	148	0
3829	147	0
3830	147	0
3831	146	0
3832	145	0
3833	145	0
3834	145	0
3835	144	0
3836	143	0
3837	143	0
3838	142	0
3839	142	0
3840	141	0
3841	140	0
3842	140	0
3843	140	0
3844	140	0
3845	139	0
3846	139	0
3847	139	0
3848	138	0
3849	138	0
3850	138	0
3851	137	0
3852	137	0
3853	136	0
3854	137	0
3855	137	0
3856	137	0
3857	137	0
3858	136	0
3859	136	0
3860	136	0
3861	136	0
3862	136	0
3863	136	0
3864	136	0
3865	136	0
3866	136	0
3867	136	0
3868	136	0
3869	137	0
3870	136	0
3871	136	0
3872	136	0
3873	137	0
3874	136	0
3875	136	0
3876	136	0
3877	136	0
3878	137	0
3879	136	0
3880	136	0
3881	136	0
3882	136	0
3883	136	0
3884	137	0
3885	136	0
3886	136	0
3887	136	0
3888	136	0
3889	136	0
3890	136	0
3891	136	0
3892	136	0
3893	136	0
3894	136	0
3895	136	0
3896	136	0
3897	137	0
3898	136	0
3899	136	0
3900	136	0
3901	137	0
3902	136	0
3903	136	0
3904	136	0
3905	136	0
3906	136	0
3907	136	0
3908	136	0
3909	136	0
3910	136	0
3911	136	0
3912	136	0
3913	136	0
3914	136	0
3915	136	0
3916	136	0
3917	136	0
3918	136	0
3919	136	0
3920	136	0
3921	136	0
3922	136	0
3923	137	0
3924	136	0
3925	136	0
3926	136	0
3927	136	0
3928	136	0
3929	136	0
3930	136	0
3931	136	0
3932	136	0
3933	136	0
3934	136	0
3935	136	0
3936	136	0
3937	136	0
3938	136	0
3939	136	0
3940	136	0
3941	136	0
3942	136	0
3943	136	0
3944	136	0
3945	136	0
3946	136	0
3947	136	0
3948	136	0
3949	136	0
3950	136	0
3951	136	0
3952	137	0
3953	136	0
3954	136	0
3955	136	0
3956	136	0
3957	136	0
3958	136	0
3959	136	0
3960	136	0
3961	136	0
3962	136	0
3963	136	0
3964	136	0
3965	136	0
3966	136	0
3967	136	0
3968	136	0
3969	136	0
3970	136	0
3971	136	0
3972	136	0
3973	136	0
3974	136	0
3975	136	0
3976	136	0
3977	136	0
3978	136	0
3979	136	0
3980	136	0
3981	137	0
3982	136	0
3983	137	0
3984	136	0
3985	136	0
3986	136	0
3987	136	0
3988	137	0
3989	136	0
3990	136	0
3991	136	0
3992	136	0
3993	136	0
3994	136	0
3995	136	0
3996	136	0
3997	136	0
3998	136	0
3999	136	0
4000	136	0
4001	136	0
4002	136	0
4003	136	0
4004	137	0
4005	136	0
4006	136	0
4007	136	0
4008	136	0
4009	136	0
4010	136	0
4011	136	0
4012	136	0
4013	137	0
4014	136	0
4015	136	0
4016	136	0
4017	136	0
4018	136	0
4019	136	0
4020	136	0
4021	136	0
4022	136	0
4023	136	0
4024	136	0
4025	136	0
4026	136	0
4027	136	0
4028	136	0
4029	136	0
4030	136	0
4031	136	0
4032	136	0
4033	137	0
4034	136	0
4035	136	0
4036	136	0
4037	136	0
4038	136	0
4039	136	0
4040	136	0
4041	136	0
4042	136	0
4043	136	0
4044	136	0
4045	136	0
4046	136	0
4047	136	0
4048	137	0
4049	136	0
4050	136	0
4051	136	0
4052	136	0
4053	136	0
4054	136	0
4055	136	0
4056	136	0
4057	136	0
4058	136	0
4059	136	0
4060	136	0
4061	136	0
4062	136	0
4063	136	0
4064	136	0
4065	136	0
4066	136	0
4067	136	0
4068	136	0
4069	136	0
4070	137	0
4071	137	0
4072	136	0
4073	137	0
4074	136	0
4075	136	0
4076	136	0
4077	136	0
4078	136	0
4079	136	0
4080	136	0
4081	136	0
4082	136	0
4083	136	0
4084	136	0
4085	136	0
4086	136	0
4087	136	0
4088	136	0
4089	136	0
4090	136	0
4091	136	0
4092	136	0
4093	136	0
4094	136	0
4095	136	0
4096	136	0
4097	136	0
4098	136	0
4099	136	0
4100	136	0
4101	136	0
4102	136	0
4103	136	0
4104	136	0
4105	136	0
4106	136	0
4107	136	0
4108	136	0
4109	136	0
4110	137	0
4111	136	0
4112	136	0
4113	136	0
4114	136	0
4115	136	0
4116	136	0
4117	136	0
4118	136	0
4119	136	0
4120	136	0
4121	136	0
4122	136	0
4123	136	0
4124	136	0
4125	136	0
4126	136	0
4127	136	0
4128	136	0
4129	136	0
4130	136	0
4131	137	0
4132	137	0
4133	136	0
4134	136	0
4135	136	0
4136	136	0
4137	136	0
4138	136	0
4139	136	0
4140	136	0
4141	136	0
4142	136	0
4143	136	0
4144	136	0
4145	137	0
4146	136	0
4147	136	0
4148	136	0
4149	136	0
4150	137	0
4151	136	0
4152	136	0
4153	136	0
4154	136	0
4155	136	0
4156	136	0
4157	136	0
4158	136	0
4159	136	0
4160	136	0
4161	137	0
4162	136	0
4163	136	0
4164	136	0
4165	136	0
4166	136	0
4167	137	0
4168	137	0
4169	136	0
4170	137	0
4171	136	0
4172	136	0
4173	136	0
4174	136	0
4175	136	0
4176	136	0
4177	136	0
4178	136	0
4179	136	0
4180	136	0
4181	136	0
4182	137	0
4183	136	0
4184	136	0
4185	136	0
4186	136	0
4187	136	0
4188	136	0
4189	136	0
4190	136	0
4191	136	0
4192	137	0
4193	136	0
4194	136	0
4195	136	0
4196	136	0
4197	136	0
4198	137	0
4199	136	0
4200	136	0
4201	136	0
4202	136	0
4203	136	0
4204	136	0
4205	136	0
4206	136	0
4207	136	0
4208	136	0
4209	136	0
4210	136	0
4211	136	0
4212	136	0
4213	136	0
4214	136	0
4215	136	0
4216	136	0
4217	136	0
4218	136	0
4219	136	0
4220	136	0
4221	136	0
4222	136	0
4223	136	0
4224	136	0
4225	136	0
4226	136	0
4227	136	0
4228	136	0
4229	136	0
4230	136	0
4231	137	0
4232	136	0
4233	136	0
4234	136	0
4235	136	0
4236	136	0
4237	136	0
4238	136	0
4239	136	0
4240	136	0
4241	136	0
4242	136	0
4243	136	0
4244	137	0
4245	136	0
4246	136	0
4247	136	0
4248	136	0
4249	136	0
4250	136	0
4251	136	0
4252	136	0
4253	137	0
4254	136	0
4255	136	0
4256	136	0
4257	137	0
4258	137	0
4259	136	0
4260	137	0
4261	136	0
4262	136	0
4263	136	0
4264	136	0
4265	136	0
4266	136	0
4267	137	0
4268	136	0
4269	136	0
4270	136	0
4271	136	0
4272	136	0
4273	136	0
4274	137	0
4275	136	0
4276	136	0
4277	136	0
4278	136	0
4279	136	0
4280	136	0
4281	136	0
4282	136	0
4283	136	0
4284	136	0
4285	136	0
4286	136	0
4287	136	0
4288	136	0
4289	136	0
4290	136	0
4291	137	0
4292	136	0
4293	136	0
4294	136	0
4295	136	0
4296	136	0
4297	136	0
4298	136	0
4299	136	0
4300	136	0
4301	136	0
4302	136	0
4303	136	0
4304	136	0
4305	136	0
4306	137	0
4307	136	0
4308	137	0
4309	136	0
4310	137	0
4311	137	0
4312	136	0
4313	136	0
4314	136	0
4315	136	0
4316	136	0
4317	136	0
4318	137	0
4319	135	0
4320	136	0
4321	136	0
4322	136	0
4323	136	0
4324	137	0
4325	136	0
4326	136	0
4327	137	0
4328	137	0
4329	136	0
4330	136	0
4331	136	0
4332	136	0
4333	136	0
4334	137	0
4335	136	0
4336	136	0
4337	136	0
4338	137	0
4339	136	0
4340	136	0
4341	136	0
4342	137	0
4343	136	0
4344	136	0
4345	136	0
4346	136	0
4347	136	0
4348	136	0
4349	136	0
4350	136	0
4351	136	0
4352	136	0
4353	136	0
4354	136	0
4355	136	0
4356	136	0
4357	136	0
4358	137	0
4359	136	0
4360	136	0
4361	137	0
4362	136	0
4363	136	0
4364	136	0
4365	136	0
4366	136	0
4367	136	0
4368	136	0
4369	137	0
4370	136	0
4371	136	0
4372	137	0
4373	136	0
4374	136	0
4375	136	0
4376	136	0
4377	136	0
4378	137	0
4379	136	0
4380	137	0
4381	138	0
4382	138	0
4383	138	0
4384	139	0
4385	139	0
4386	140	0
4387	140	0
4388	140	0
4389	141	0
4390	141	0
4391	142	0
4392	142	0
4393	142	0
4394	143	0
4395	143	0
4396	144	0
4397	145	0
4398	144	0
4399	144	0
4400	145	0
4401	145	0
4402	146	0
4403	146	0
4404	147	0
4405	147	0
4406	148	0
4407	148	0
4408	148	0
4409	148	0
4410	149	0
4411	149	0
4412	149	0
4413	149	0
4414	150	0
4415	150	0
4416	150	0
4417	150	0
4418	151	0
4419	151	0
4420	152	0
4421	151	0
4422	152	0
4423	152	0
4424	152	0
4425	153	0
4426	152	0
4427	153	0
4428	153	0
4429	153	0
4430	153	0
4431	153	0
4432	154	0
4433	154	0
4434	154	0
4435	154	0
4436	154	0
4437	155	0
4438	155	0
4439	155	0
4440	155	0
4441	155	0
4442	155	0
4443	155	0
4444	155	0
4445	155	0
4446	155	0
4447	156	0
4448	155	0
4449	155	0
4450	156	0
4451	156	0
4452	156	0
4453	156	0
4454	156	0
4455	156	0
4456	156	0
4457	156	0
4458	156	0
4459	156	0
4460	156	0
4461	156	0
4462	156	0
4463	156	0
4464	155	0
4465	156	0
4466	156	0
4467	156	0
4468	156	0
4469	156	0
4470	156	0
4471	156	0
4472	156	0
4473	156	0
4474	156	0
4475	156	0
4476	156	0
4477	156	0
4478	156	0
4479	156	0
4480	156	0
4481	157	0
4482	156	0
4483	156	0
4484	156	0
4485	156	0
4486	156	0
4487	156	0
4488	156	0
4489	156	0
4490	156	0
4491	156	0
4492	156	0
4493	156	0
4494	156	0
4495	156	0
4496	157	0
4497	156	0
4498	156	0
4499	156	0
4500	156	0
4501	156	0
4502	156	0
4503	156	0
4504	156	0
4505	156	0
4506	157	0
4507	156	0
4508	156	0
4509	156	0
4510	156	0
4511	156	0
4512	156	0
4513	156	0
4514	156	0
4515	156	0
4516	156	0
4517	156	0
4518	156	0
4519	156	0
4520	156	0
4521	156	0
4522	156	0
4523	156	0
4524	156	0
4525	156	0
4526	156	0
4527	156	0
4528	156	0
4529	156	0
4530	156	0
4531	156	0
4532	156	0
4533	156	0
4534	156	0
4535	156	0
4536	156	0
4537	156	0
4538	156	0
4539	156	0
4540	155	0
4541	156	0
4542	156	0
4543	156	0
4544	156	0
4545	155	0
4546	156	0
4547	156	0
4548	155	0
4549	156	0
4550	156	0
4551	156	0
4552	156	0
4553	156	0
4554	155	0
4555	156	0
4556	155	0
4557	155	0
4558	156	0
4559	156	0
4560	155	0
4561	156	0
4562	155	0
4563	155	0
4564	155	0
4565	155	0
4566	155	0
4567	155	0
4568	155	0
4569	154	0
4570	154	0
4571	154	0
4572	154	0
4573	154	0
4574	154	0
4575	154	0
4576	154	0
4577	154	0
4578	154	0
4579	154	0
4580	154	0
4581	154	0
4582	153	0
4583	154	0
4584	153	0
4585	152	0
4586	153	0
4587	153	0
4588	153	0
4589	152	0
4590	152	0
4591	152	0
4592	152	0
4593	152	0
4594	152	0
4595	152	0
4596	152	0
4597	151	0
4598	151	0
4599	151	0
4600	151	0
4601	150	0
4602	150	0
4603	150	0
4604	150	0
4605	149	0
4606	149	0
4607	149	0
4608	149	0
4609	149	0
4610	149	0
4611	149	0
4612	149	0
4613	149	0
4614	149	0
4615	149	0
4616	149	0
4617	148	0
4618	148	0
4619	148	0
4620	147	0
4621	147	0
4622	147	0
4623	146	0
4624	146	0
4625	146	0
4626	146	0
4627	146	0
4628	145	0
4629	145	0
4630	145	0
4631	145	0
4632	145	0
4633	145	0
4634	144	0
4635	145	0
4636	144	0
4637	144	0
4638	144	0
4639	144	0
4640	144	0
4641	144	0
4642	144	0
4643	144	0
4644	143	0
4645	143	0
4646	143	0
4647	143	0
4648	142	0
4649	142	0
4650	143	0
4651	142	0
4652	142	0
4653	142	0
4654	141	0
4655	142	0
4656	141	0
4657	141	0
4658	141	0
4659	141	0
4660	140	0
4661	140	0
4662	140	0
4663	140	0
4664	140	0
4665	140	0
4666	140	0
4667	140	0
4668	140	0
4669	140	0
4670	140	0
4671	140	0
4672	139	0
4673	140	0
4674	139	0
4675	139	0
4676	139	0
4677	139	0
4678	138	0
4679	138	0
4680	139	0
4681	138	0
4682	138	0
4683	139	0
4684	138	0
4685	139	0
4686	138	0
4687	138	0
4688	139	0
4689	139	0
4690	138	0
4691	138	0
4692	138	0
4693	138	0
4694	138	0
4695	138	0
4696	138	0
4697	137	0
4698	137	0
4699	137	0
4700	137	0
4701	137	0
4702	137	0
4703	137	0
4704	137	0
4705	137	0
4706	136	0
4707	137	0
4708	137	0
4709	137	0
4710	136	0
4711	136	0
4712	137	0
4713	137	0
4714	136	0
4715	136	0
4716	136	0
4717	137	0
4718	137	0
4719	136	0
4720	136	0
4721	136	0
4722	136	0
4723	136	0
4724	136	0
4725	136	0
4726	137	0
4727	136	0
4728	136	0
4729	136	0
4730	136	0
4731	136	0
4732	136	0
4733	136	0
4734	136	0
4735	136	0
4736	136	0
4737	137	0
4738	136	0
4739	136	0
4740	136	0
4741	136	0
4742	136	0
4743	136	0
4744	137	0
4745	136	0
4746	136	0
4747	136	0
4748	136	0
4749	136	0
4750	136	0
4751	136	0
4752	136	0
4753	136	0
4754	136	0
4755	136	0
4756	136	0
4757	137	0
4758	136	0
4759	137	0
4760	137	0
4761	136	0
4762	137	0
4763	136	0
4764	136	0
4765	136	0
4766	136	0
4767	136	0
4768	136	0
4769	136	0
4770	136	0
4771	136	0
4772	137	0
4773	137	0
4774	136	0
4775	137	0
4776	136	0
4777	136	0
4778	137	0
4779	136	0
4780	136	0
4781	137	0
4782	137	0
4783	136	0
4784	137	0
4785	136	0
4786	137	0
4787	136	0
4788	136	0
4789	136	0
4790	136	0
4791	136	0
4792	136	0
4793	136	0
4794	136	0
4795	136	0
4796	136	0
4797	136	0
4798	136	0
4799	136	0
4800	136	0
4801	137	0
4802	136	0
4803	137	0
4804	136	0
4805	136	0
4806	136	0
4807	136	0
4808	136	0
4809	136	0
4810	136	0
4811	136	0
4812	136	0
4813	136	0
4814	136	0
4815	136	0
4816	137	0
4817	136	0
4818	136	0
4819	136	0
4820	136	0
4821	136	0
4822	136	0
4823	136	0
4824	136	0
4825	137	0
4826	136	0
4827	136	0
4828	136	0
4829	136	0
4830	136	0
4831	136	0
4832	136	0
4833	136	0
4834	137	0
4835	136	0
4836	136	0
4837	136	0
4838	136	0
4839	136	0
4840	136	0
4841	136	0
4842	136	0
4843	136	0
4844	136	0
4845	136	0
4846	136	0
4847	136	0
4848	136	0
4849	137	0
4850	136	0
4851	136	0
4852	136	0
4853	136	0
4854	136	0
4855	136	0
4856	136	0
4857	136	0
4858	136	0
4859	136	0
4860	136	0
4861	136	0
4862	136	0
4863	136	0
4864	136	0
4865	136	0
4866	136	0
4867	136	0
4868	136	0
4869	136	0
4870	136	0
4871	136	0
4872	137	0
4873	136	0
4874	136	0
4875	136	0
4876	136	0
4877	136	0
4878	137	0
4879	136	0
4880	137	0
4881	136	0
4882	136	0
4883	136	0
4884	136	0
4885	136	0
4886	137	0
4887	136	0
4888	136	0
4889	136	0
4890	136	0
4891	137	0
4892	136	0
4893	136	0
4894	136	0
4895	136	0
4896	136	0
4897	136	0
4898	136	0
4899	136	0
4900	136	0
4901	136	0
4902	136	0
4903	137	0
4904	136	0
4905	137	0
4906	136	0
4907	136	0
4908	136	0
4909	136	0
4910	136	0
4911	136	0
4912	136	0
4913	136	0
4914	136	0
4915	136	0
4916	136	0
4917	136	0
4918	136	0
4919	136	0
4920	136	0
4921	136	0
4922	137	0
4923	137	0
4924	137	0
4925	136	0
4926	136	0
4927	136	0
4928	137	0
4929	136	0
4930	136	0
4931	137	0
4932	136	0
4933	137	0
4934	137	0
4935	136	0
4936	136	0
4937	136	0
4938	136	0
4939	136	0
4940	136	0
4941	136	0
4942	136	0
4943	137	0
4944	136	0
4945	137	0
4946	136	0
4947	136	0
4948	137	0
4949	136	0
4950	136	0
4951	136	0
4952	136	0
4953	136	0
4954	137	0
4955	136	0
4956	136	0
4957	136	0
4958	136	0
4959	136	0
4960	136	0
4961	136	0
4962	136	0
4963	136	0
4964	136	0
4965	136	0
4966	136	0
4967	136	0
4968	136	0
4969	136	0
4970	137	0
4971	136	0
4972	136	0
4973	137	0
4974	136	0
4975	136	0
4976	137	0
4977	136	0
4978	136	0
4979	136	0
4980	136	0
4981	136	0
4982	136	0
4983	136	0
4984	136	0
4985	137	0
4986	137	0
4987	136	0
4988	136	0
4989	136	0
4990	136	0
4991	136	0
4992	136	0
4993	136	0
4994	136	0
4995	136	0
4996	136	0
4997	136	0
4998	136	0
4999	137	0
5000	136	0
5001	136	0
5002	136	0
5003	136	0
5004	136	0
5005	136	0
5006	137	0
5007	136	0
5008	136	0
5009	136	0
5010	136	0
5011	136	0
5012	136	0
5013	136	0
5014	136	0
5015	136	0
5016	136	0
5017	136	0
5018	137	0
5019	136	0
5020	136	0
5021	136	0
5022	136	0
5023	136	0
5024	136	0
5025	136	0
5026	136	0
5027	136	0
5028	136	0
5029	136	0
5030	136	0
5031	137	0
5032	136	0
5033	136	0
5034	136	0
5035	136	0
5036	136	0
5037	136	0
5038	136	0
5039	136	0
5040	136	0
5041	136	0
5042	136	0
5043	136	0
5044	136	0
5045	136	0
5046	136	0
5047	136	0
5048	136	0
5049	136	0
5050	136	0
5051	136	0
5052	136	0
5053	136	0
5054	136	0
5055	136	0
5056	136	0
5057	137	0
5058	136	0
5059	136	0
5060	136	0
5061	136	0
5062	136	0
5063	136	0
5064	136	0
5065	136	0
5066	136	0
5067	136	0
5068	136	0
5069	136	0
5070	136	0
5071	136	0
5072	136	0
5073	136	0
5074	136	0
5075	136	0
5076	136	0
5077	136	0
5078	136	0
5079	136	0
5080	136	0
5081	136	0
5082	136	0
5083	136	0
5084	136	0
5085	136	0
5086	136	0
5087	136	0
5088	136	0
5089	136	0
5090	136	0
5091	136	0
5092	136	0
5093	137	0
5094	136	0
5095	136	0
5096	137	0
5097	137	0
5098	136	0
5099	136	0
5100	136	0
5101	137	0
5102	137	0
5103	136	0
5104	136	0
5105	137	0
5106	136	0
5107	136	0
5108	136	0
5109	136	0
5110	136	0
5111	137	0
5112	136	0
5113	136	0
5114	136	0
5115	136	0
5116	136	0
5117	137	0
5118	136	0
5119	136	0
5120	137	0
5121	136	0
5122	136	0
5123	136	0
5124	136	0
5125	136	0
5126	136	0
5127	136	0
5128	137	0
5129	136	0
5130	136	0
5131	136	0
5132	136	0
5133	136	0
5134	136	0
5135	137	0
5136	136	0
5137	136	0
5138	136	0
5139	137	0
5140	136	0
5141	136	0
5142	136	0
5143	136	0
5144	136	0
5145	136	0
5146	136	0
5147	136	0
5148	136	0
5149	136	0
5150	136	0
5151	136	0
5152	136	0
5153	136	0
5154	136	0
5155	136	0
5156	137	0
5157	136	0
5158	136	0
5159	136	0
5160	136	0
5161	136	0
5162	136	0
5163	136	0
5164	136	0
5165	136	0
5166	136	0
5167	136	0
5168	137	0
5169	136	0
5170	137	0
5171	137	0
5172	137	0
5173	136	0
5174	136	0
5175	136	0
5176	136	0
5177	136	0
5178	136	0
5179	136	0
5180	136	0
5181	137	0
5182	137	0
5183	136	0
5184	136	0
5185	136	0
5186	137	0
5187	136	0
5188	136	0
5189	136	0
5190	136	0
5191	136	0
5192	136	0
5193	136	0
5194	136	0
5195	136	0
5196	136	0
5197	136	0
5198	136	0
5199	136	0
5200	136	0
5201	136	0
5202	137	0
5203	136	0
5204	136	0
5205	136	0
5206	136	0
5207	136	0
5208	136	0
5209	136	0
5210	137	0
5211	136	0
5212	136	0
5213	136	0
5214	136	0
5215	135	0
5216	136	0
5217	136	0
5218	136	0
5219	136	0
5220	136	0
5221	136	0
5222	136	0
5223	136	0
5224	136	0
5225	136	0
5226	136	0
5227	136	0
5228	136	0
5229	136	0
5230	136	0
5231	136	0
5232	136	0
5233	136	0
5234	136	0
5235	136	0
5236	136	0
5237	136	0
5238	136	0
5239	136	0
5240	136	0
5241	136	0
5242	136	0
5243	136	0
5244	136	0
5245	136	0
5246	136	0
5247	136	0
5248	136	0
5249	136	0
5250	136	0
5251	136	0
5252	136	0
5253	136	0
5254	136	0
5255	136	0
5256	136	0
5257	136	0
5258	136	0
5259	137	0
5260	136	0
5261	136	0
5262	136	0
5263	136	0
5264	136	0
5265	137	0
5266	136	0
5267	137	0
5268	136	0
5269	136	0
5270	136	0
5271	136	0
5272	136	0
5273	137	0
5274	137	0
5275	136	0
5276	136	0
5277	137	0
5278	136	0
5279	136	0
5280	136	0
5281	136	0
5282	136	0
5283	136	0
5284	136	0
5285	136	0
5286	136	0
5287	136	0
5288	136	0
5289	136	0
5290	136	0
5291	136	0
5292	136	0
5293	136	0
5294	137	0
5295	136	0
5296	136	0
5297	137	0
5298	136	0
5299	136	0
5300	136	0
5301	136	0
5302	136	0
5303	136	0
5304	136	0
5305	136	0
5306	136	0
5307	136	0
5308	136	0
5309	137	0
5310	136	0
5311	136	0
5312	136	0
5313	136	0
5314	136	0
5315	136	0
5316	136	0
5317	137	0
5318	136	0
5319	136	0
5320	136	0
5321	136	0
5322	136	0
5323	136	0
5324	136	0
5325	136	0
5326	136	0
5327	136	0
5328	136	0
5329	136	0
5330	136	0
5331	136	0
5332	137	0
5333	136	0
5334	136	0
5335	136	0
5336	136	0
5337	136	0
5338	137	0
5339	136	0
5340	136	0
5341	136	0
5342	136	0
5343	136	0
5344	136	0
5345	136	0
5346	136	0
5347	136	0
5348	136	0
5349	136	0
5350	137	0
5351	136	0
5352	136	0
5353	136	0
5354	136	0
5355	136	0
5356	137	0
5357	136	0
5358	136	0
5359	137	0
5360	137	0
5361	136	0
5362	136	0
5363	136	0
5364	137	0
5365	136	0
5366	136	0
5367	137	0
5368	137	0
5369	136	0
5370	136	0
5371	136	0
5372	136	0
5373	136	0
5374	136	0
5375	136	0
5376	137	0
5377	136	0
5378	136	0
5379	136	0
5380	137	0
5381	136	0
5382	136	0
5383	136	0
5384	136	0
5385	137	0
5386	136	0
5387	136	0
5388	136	0
5389	136	0
5390	136	0
5391	136	0
5392	136	0
5393	136	0
5394	136	0
5395	136	0
5396	136	0
5397	136	0
5398	136	0
5399	136	0
5400	137	0
5401	136	0
5402	137	0
5403	136	0
5404	136	0
5405	136	0
5406	136	0
5407	136	0
5408	136	0
5409	136	0
5410	136	0
5411	136	0
5412	137	0
5413	136	0
5414	136	0
5415	137	0
5416	137	0
5417	136	0
5418	136	0
5419	136	0
5420	136	0
5421	136	0
5422	136	0
5423	136	0
5424	136	0
5425	137	0
5426	136	0
5427	136	0
5428	136	0
5429	136	0
5430	137	0
5431	136	0
5432	136	0
5433	136	0
5434	136	0
5435	136	0
5436	136	0
5437	136	0
5438	136	0
5439	136	0
5440	136	0
5441	136	0
5442	136	0
5443	137	0
5444	136	0
5445	137	0
5446	136	0
5447	136	0
5448	137	0
5449	136	0
5450	136	0
5451	136	0
5452	136	0
5453	136	0
5454	136	0
5455	136	0
5456	137	0
5457	136	0
5458	137	0
5459	136	0
5460	136	0
5461	136	0
5462	136	0
5463	136	0
5464	136	0
5465	136	0
5466	136	0
5467	136	0
5468	136	0
5469	136	0
5470	136	0
5471	136	0
5472	136	0
5473	136	0
5474	136	0
5475	136	0
5476	137	0
5477	137	0
5478	136	0
5479	136	0
5480	136	0
5481	137	0
5482	136	0
5483	136	0
5484	137	0
5485	137	0
5486	136	0
5487	137	0
5488	137	0
5489	136	0
5490	136	0
5491	136	0
5492	136	0
5493	136	0
5494	136	0
5495	137	0
5496	136	0
5497	136	0
5498	136	0
5499	137	0
5500	136	0
5501	136	0
5502	136	0
5503	136	0
5504	136	0
5505	136	0
5506	136	0
5507	136	0
5508	136	0
5509	136	0
5510	136	0
5511	136	0
5512	136	0
5513	136	0
5514	136	0
5515	136	0
5516	136	0
5517	137	0
5518	136	0
5519	136	0
5520	136	0
5521	136	0
5522	136	0
5523	136	0
5524	136	0
5525	136	0
5526	136	0
5527	136	0
5528	136	0
5529	136	0
5530	136	0
5531	136	0
5532	136	0
5533	136	0
5534	136	0
5535	136	0
5536	136	0
5537	136	0
5538	136	0
5539	137	0
5540	136	0
5541	137	0
5542	136	0
5543	137	0
5544	137	0
5545	137	0
5546	137	0
5547	138	0
5548	138	0
5549	139	0
5550	139	0
5551	139	0
5552	139	0
5553	140	0
5554	139	0
5555	140	0
5556	140	0
5557	141	0
5558	141	0
5559	142	0
5560	142	0
5561	142	0
5562	143	0
5563	143	0
5564	144	0
5565	144	0
5566	145	0
5567	145	0
5568	145	0
5569	144	0
5570	145	0
5571	146	0
5572	146	0
5573	147	0
5574	148	0
5575	148	0
5576	149	0
5577	149	0
5578	149	0
5579	149	0
5580	149	0
5581	149	0
5582	149	0
5583	150	0
5584	151	0
5585	150	0
5586	151	0
5587	151	0
5588	152	0
5589	152	0
5590	153	0
5591	153	0
5592	153	0
5593	153	0
5594	154	0
5595	154	0
5596	154	0
5597	156	0
5598	155	0
5599	156	0
5600	156	0
5601	156	0
5602	157	0
5603	157	0
5604	157	0
5605	158	0
5606	158	0
5607	159	0
5608	160	0
5609	160	0
5610	160	0
5611	161	0
5612	160	0
5613	161	0
5614	161	0
5615	161	0
5616	162	0
5617	162	0
5618	162	0
5619	163	0
5620	162	0
5621	163	0
5622	164	0
5623	164	0
5624	164	0
5625	165	0
5626	165	0
5627	165	0
5628	165	0
5629	166	0
5630	167	0
5631	167	0
5632	167	0
5633	168	0
5634	167	0
5635	168	0
5636	168	0
5637	169	0
5638	169	0
5639	169	0
5640	169	0
5641	169	0
5642	170	0
5643	170	0
5644	170	0
5645	170	0
5646	171	0
5647	171	0
5648	171	0
5649	171	0
5650	172	0
5651	171	0
5652	172	0
5653	172	0
5654	173	0
5655	173	0
5656	173	0
5657	173	0
5658	174	0
5659	174	0
5660	174	0
5661	174	0
5662	175	0
5663	175	0
5664	175	0
5665	175	0
5666	175	0
5667	175	0
5668	176	0
5669	175	0
5670	176	0
5671	175	0
5672	175	0
5673	175	0
5674	174	0
5675	176	0
5676	175	0
5677	175	0
5678	175	0
5679	175	0
5680	175	0
5681	176	0
5682	175	0
5683	175	0
5684	175	0
5685	175	0
5686	175	0
5687	175	0
5688	175	0
5689	176	0
5690	175	0
5691	175	0
5692	175	0
5693	175	0
5694	175	0
5695	176	0
5696	174	0
5697	175	0
5698	175	0
5699	175	0
5700	174	0
5701	175	0
5702	175	0
5703	175	0
5704	175	0
5705	175	0
5706	175	0
5707	175	0
5708	175	0
5709	175	0
5710	175	0
5711	175	0
5712	175	0
5713	176	0
5714	176	0
5715	175	0
5716	175	0
5717	175	0
5718	175	0
5719	176	0
5720	175	0
5721	176	0
5722	175	0
5723	175	0
5724	175	0
5725	175	0
5726	175	0
5727	175	0
5728	175	0
5729	175	0
5730	176	0
5731	176	0
5732	175	0
5733	175	0
5734	176	0
5735	175	0
5736	175	0
5737	175	0
5738	176	0
5739	175	0
5740	175	0
5741	174	0
5742	176	0
5743	175	0
5744	175	0
5745	175	0
5746	175	0
5747	175	0
5748	175	0
5749	175	0
5750	175	0
5751	175	0
5752	175	0
5753	176	0
5754	176	0
5755	175	0
5756	175	0
5757	175	0
5758	175	0
5759	175	0
5760	175	0
5761	176	0
5762	176	0
5763	176	0
5764	175	0
5765	175	0
5766	175	0
5767	175	0
5768	175	0
5769	175	0
5770	175	0
5771	175	0
5772	174	0
5773	175	0
5774	175	0
5775	174	0
5776	175	0
5777	175	0
5778	174	0
5779	175	0
5780	175	0
5781	176	0
5782	175	0
5783	176	0
5784	175	0
5785	175	0
5786	175	0
5787	175	0
5788	174	0
5789	177	0
5790	175	0
5791	175	0
5792	175	0
5793	176	0
5794	175	0
5795	175	0
5796	175	0
5797	176	0
5798	175	0
5799	176	0
5800	176	0
5801	175	0
5802	175	0
5803	176	0
5804	175	0
5805	175	0
5806	175	0
5807	175	0
5808	175	0
5809	175	0
5810	175	0
5811	175	0
5812	175	0
5813	175	0
5814	174	0
5815	175	0
5816	176	0
5817	175	0
5818	175	0
5819	176	0
5820	175	0
5821	175	0
5822	175	0
5823	175	0
5824	176	0
5825	175	0
5826	174	0
5827	176	0
5828	175	0
5829	175	0
5830	175	0
5831	176	0
5832	175	0
5833	176	0
5834	176	0
5835	176	0
5836	176	0
5837	176	0
5838	175	0
5839	175	0
5840	175	0
5841	176	0
5842	175	0
5843	175	0
5844	176	0
5845	175	0
5846	175	0
5847	175	0
5848	175	0
5849	175	0
5850	175	0
5851	174	0
5852	174	0
5853	174	0
5854	175	0
5855	175	0
5856	175	0
5857	175	0
5858	175	0
5859	175	0
5860	175	0
5861	176	0
5862	175	0
5863	175	0
5864	175	0
5865	177	0
5866	175	0
5867	174	0
5868	175	0
5869	175	0
5870	175	0
5871	175	0
5872	176	0
5873	175	0
5874	175	0
5875	175	0
5876	175	0
5877	175	0
5878	175	0
5879	175	0
5880	175	0
5881	175	0
5882	175	0
5883	175	0
5884	175	0
5885	175	0
5886	175	0
5887	176	0
5888	175	0
5889	175	0
5890	175	0
5891	174	0
5892	175	0
5893	175	0
5894	176	0
5895	175	0
5896	175	0
5897	175	0
5898	175	0
5899	176	0
5900	175	0
5901	175	0
5902	175	0
5903	175	0
5904	175	0
5905	175	0
5906	175	0
5907	175	0
5908	175	0
5909	175	0
5910	175	0
5911	175	0
5912	175	0
5913	176	0
5914	175	0
5915	175	0
5916	176	0
5917	176	0
5918	176	0
5919	175	0
5920	175	0
5921	175	0
5922	176	0
5923	175	0
5924	175	0
5925	176	0
5926	175	0
5927	176	0
5928	175	0
5929	175	0
5930	175	0
5931	175	0
5932	174	0
5933	175	0
5934	174	0
5935	175	0
5936	175	0
5937	176	0
5938	175	0
5939	175	0
5940	175	0
5941	176	0
5942	175	0
5943	176	0
5944	176	0
5945	175	0
5946	175	0
5947	175	0
5948	175	0
5949	175	0
5950	175	0
5951	175	0
5952	175	0
5953	175	0
5954	175	0
5955	176	0
5956	175	0
5957	176	0
5958	175	0
5959	176	0
5960	175	0
5961	175	0
5962	175	0
5963	175	0
5964	175	0
5965	175	0
5966	176	0
5967	175	0
5968	176	0
5969	174	0
5970	175	0
5971	175	0
5972	175	0
5973	174	0
5974	175	0
5975	175	0
5976	175	0
5977	174	0
5978	175	0
5979	175	0
5980	175	0
5981	175	0
5982	175	0
5983	175	0
5984	175	0
5985	175	0
5986	175	0
5987	175	0
5988	175	0
5989	176	0
5990	175	0
5991	175	0
5992	175	0
5993	176	0
5994	175	0
5995	175	0
5996	175	0
5997	176	0
5998	176	0
5999	175	0
6000	175	0
6001	175	0
6002	175	0
6003	175	0
6004	175	0
6005	175	0
6006	175	0
6007	175	0
6008	175	0
6009	175	0
6010	175	0
6011	176	0
6012	175	0
6013	175	0
6014	174	0
6015	175	0
6016	175	0
6017	175	0
6018	175	0
6019	175	0
6020	176	0
6021	175	0
6022	175	0
6023	176	0
6024	175	0
6025	175	0
6026	175	0
6027	175	0
6028	175	0
6029	175	0
6030	175	0
6031	175	0
6032	176	0
6033	176	0
6034	175	0
6035	175	0
6036	174	0
6037	176	0
6038	175	0
6039	175	0
6040	175	0
6041	175	0
6042	174	0
6043	175	0
6044	175	0
6045	175	0
6046	175	0
6047	176	0
6048	174	0
6049	175	0
6050	176	0
6051	174	0
6052	175	0
6053	175	0
6054	176	0
6055	176	0
6056	176	0
6057	176	0
6058	176	0
6059	177	0
6060	176	0
6061	177	0
6062	177	0
6063	177	0
6064	177	0
6065	178	0
6066	178	0
6067	178	0
6068	178	0
6069	179	0
6070	178	0
6071	179	0
6072	179	0
6073	179	0
6074	179	0
6075	179	0
6076	180	0
6077	180	0
6078	180	0
6079	180	0
6080	180	0
6081	180	0
6082	181	0
6083	180	0
6084	181	0
6085	181	0
6086	181	0
6087	181	0
6088	181	0
6089	182	0
6090	182	0
6091	182	0
6092	182	0
6093	182	0
6094	182	0
6095	183	0
6096	183	0
6097	183	0
6098	183	0
6099	183	0
6100	183	0
6101	184	0
6102	184	0
6103	184	0
6104	184	0
6105	184	0
6106	185	0
6107	184	0
6108	184	0
6109	184	0
6110	185	0
6111	185	0
6112	185	0
6113	185	0
6114	185	0
6115	186	0
6116	186	0
6117	186	0
6118	186	0
6119	186	0
6120	187	0
6121	187	0
6122	187	0
6123	188	0
6124	188	0
6125	188	0
6126	188	0
6127	188	0
6128	189	0
6129	189	0
6130	189	0
6131	189	0
6132	189	0
6133	190	0
6134	190	0
6135	190	0
6136	190	0
6137	191	0
6138	191	0
6139	191	0
6140	191	0
6141	192	0
6142	192	0
6143	192	0
6144	192	0
6145	193	0
6146	193	0
6147	193	0
6148	193	0
6149	194	0
6150	193	0
6151	193	0
6152	194	0
6153	194	0
6154	195	0
6155	195	0
6156	195	0
6157	195	0
6158	195	0
6159	196	0
6160	195	0
6161	196	0
6162	197	0
6163	196	0
6164	197	0
6165	196	0
6166	197	0
6167	197	0
6168	197	0
6169	197	0
6170	197	0
6171	198	0
6172	197	0
6173	198	0
6174	198	0
6175	199	0
6176	199	0
6177	199	0
6178	199	0
6179	199	0
6180	200	0
6181	199	0
6182	200	0
6183	200	0
6184	200	0
6185	200	0
6186	200	0
6187	200	0
6188	200	0
6189	201	0
6190	200	0
6191	201	0
6192	200	0
6193	201	0
6194	201	0
6195	201	0
6196	201	0
6197	201	0
6198	202	0
6199	202	0
6200	202	0
6201	202	0
6202	202	0
6203	202	0
6204	202	0
6205	202	0
6206	203	0
6207	203	0
6208	203	0
6209	203	0
6210	203	0
6211	204	0
6212	203	0
6213	204	0
6214	204	0
6215	204	0
6216	205	0
6217	205	0
6218	205	0
6219	205	0
6220	205	0
6221	205	0
6222	205	0
6223	205	0
6224	205	0
6225	206	0
6226	206	0
6227	206	0
6228	206	0
6229	206	0
6230	207	0
6231	207	0
6232	208	0
6233	208	0
6234	208	0
6235	208	0
6236	208	0
6237	208	0
6238	208	0
6239	208	0
6240	208	0
6241	209	0
6242	208	0
6243	208	0
6244	209	0
6245	208	0
6246	208	0
6247	209	0
6248	209	0
6249	209	0
6250	209	0
6251	209	0
6252	209	0
6253	209	0
6254	210	0
6255	209	0
6256	210	0
6257	209	0
6258	210	0
6259	210	0
6260	210	0
6261	210	0
6262	210	0
6263	210	0
6264	211	0
6265	211	0
6266	211	0
6267	211	0
6268	211	0
6269	211	0
6270	212	0
6271	212	0
6272	212	0
6273	212	0
6274	211	0
6275	212	0
6276	212	0
6277	212	0
6278	213	0
6279	212	0
6280	213	0
6281	213	0
6282	213	0
6283	212	0
6284	213	0
6285	213	0
6286	213	0
6287	213	0
6288	213	0
6289	213	0
6290	213	0
6291	213	0
6292	213	0
6293	213	0
6294	213	0
6295	213	0
6296	213	0
6297	213	0
6298	213	0
6299	213	0
6300	213	0
6301	213	0
6302	213	0
6303	213	0
6304	213	0
6305	213	0
6306	213	0
6307	213	0
6308	213	0
6309	213	0
6310	213	0
6311	213	0
6312	213	0
6313	213	0
6314	213	0
6315	213	0
6316	213	0
6317	213	0
6318	213	0
6319	213	0
6320	213	0
6321	213	0
6322	213	0
6323	213	0
6324	213	0
6325	213	0
6326	213	0
6327	213	0
6328	213	0
6329	213	0
6330	213	0
6331	213	0
6332	213	0
6333	213	0
6334	213	0
6335	213	0
6336	213	0
6337	213	0
6338	213	0
6339	213	0
6340	213	0
6341	213	0
6342	213	0
6343	213	0
6344	213	0
6345	213	0
6346	213	0
6347	213	0
6348	213	0
6349	213	0
6350	213	0
6351	213	0
6352	213	0
6353	213	0
6354	213	0
6355	213	0
6356	213	0
6357	213	0
6358	213	0
6359	213	0
6360	213	0
6361	213	0
6362	213	0
6363	213	0
6364	213	0
6365	213	0
6366	213	0
6367	213	0
6368	213	0
6369	213	0
6370	213	0
6371	213	0
6372	213	0
6373	213	0
6374	213	0
6375	213	0
6376	213	0
6377	213	0
6378	213	0
6379	213	0
6380	213	0
6381	213	0
6382	213	0
6383	213	0
6384	213	0
6385	213	0
6386	213	0
6387	213	0
6388	213	0
6389	213	0
6390	213	0
6391	213	0
6392	213	0
6393	213	0
6394	213	0
6395	213	0
6396	213	0
6397	213	0
6398	213	0
6399	213	0
6400	213	0
6401	213	0
6402	213	0
6403	212	0
6404	212	0
6405	212	0
6406	212	0
6407	212	0
6408	211	0
6409	212	0
6410	212	0
6411	211	0
6412	211	0
6413	211	0
6414	210	0
6415	210	0
6416	210	0
6417	209	0
6418	210	0
6419	210	0
6420	209	0
6421	209	0
6422	209	0
6423	209	0
6424	209	0
6425	209	0
6426	209	0
6427	209	0
6428	209	0
6429	208	0
6430	208	0
6431	208	0
6432	208	0
6433	207	0
6434	206	0
6435	206	0
6436	206	0
6437	205	0
6438	205	0
6439	205	0
6440	205	0
6441	205	0
6442	204	0
6443	204	0
6444	204	0
6445	204	0
6446	203	0
6447	203	0
6448	202	0
6449	201	0
6450	202	0
6451	202	0
6452	201	0
6453	201	0
6454	200	0
6455	201	0
6456	200	0
6457	200	0
6458	200	0
6459	200	0
6460	200	0
6461	199	0
6462	199	0
6463	199	0
6464	198	0
6465	197	0
6466	197	0
6467	197	0
6468	197	0
6469	197	0
6470	197	0
6471	196	0
6472	196	0
6473	196	0
6474	195	0
6475	195	0
6476	194	0
6477	194	0
6478	194	0
6479	194	0
6480	193	0
6481	193	0
6482	193	0
6483	192	0
6484	193	0
6485	192	0
6486	192	0
6487	192	0
6488	191	0
6489	190	0
6490	191	0
6491	190	0
6492	190	0
6493	189	0
6494	189	0
6495	189	0
6496	189	0
6497	189	0
6498	189	0
6499	189	0
6500	188	0
6501	187	0
6502	187	0
6503	186	0
6504	187	0
6505	186	0
6506	187	0
6507	186	0
6508	186	0
6509	186	0
6510	185	0
6511	186	0
6512	185	0
6513	184	0
6514	185	0
6515	185	0
6516	185	0
6517	184	0
6518	184	0
6519	184	0
6520	184	0
6521	183	0
6522	182	0
6523	183	0
6524	183	0
6525	182	0
6526	182	0
6527	181	0
6528	181	0
6529	181	0
6530	181	0
6531	181	0
6532	180	0
6533	180	0
6534	180	0
6535	180	0
6536	180	0
6537	180	0
6538	179	0
6539	179	0
6540	179	0
6541	178	0
6542	179	0
6543	178	0
6544	177	0
6545	177	0
6546	176	0
6547	177	0
6548	176	0
6549	176	0
6550	176	0
6551	177	0
6552	176	0
6553	175	0
6554	175	0
6555	175	0
6556	176	0
6557	175	0
6558	176	0
6559	176	0
6560	176	0
6561	174	0
6562	175	0
6563	176	0
6564	175	0
6565	174	0
6566	175	0
6567	175	0
6568	175	0
6569	175	0
6570	175	0
6571	175	0
6572	175	0
6573	176	0
6574	175	0
6575	175	0
6576	175	0
6577	174	0
6578	175	0
6579	175	0
6580	175	0
6581	175	0
6582	175	0
6583	175	0
6584	175	0
6585	175	0
6586	175	0
6587	174	0
6588	175	0
6589	175	0
6590	175	0
6591	175	0
6592	175	0
6593	175	0
6594	175	0
6595	175	0
6596	175	0
6597	175	0
6598	175	0
6599	175	0
6600	175	0
6601	174	0
6602	175	0
6603	176	0
6604	174	0
6605	174	0
6606	175	0
6607	175	0
6608	175	0
6609	175	0
6610	175	0
6611	175	0
6612	174	0
6613	176	0
6614	175	0
6615	174	0
6616	175	0
6617	175	0
6618	175	0
6619	175	0
6620	175	0
6621	174	0
6622	175	0
6623	175	0
6624	175	0
6625	175	0
6626	175	0
6627	175	0
6628	175	0
6629	175	0
6630	175	0
6631	175	0
6632	174	0
6633	175	0
6634	175	0
6635	174	0
6636	175	0
6637	175	0
6638	175	0
6639	175	0
6640	175	0
6641	175	0
6642	174	0
6643	175	0
6644	175	0
6645	174	0
6646	175	0
6647	175	0
6648	175	0
6649	175	0
6650	175	0
6651	175	0
6652	175	0
6653	175	0
6654	175	0
6655	175	0
6656	175	0
6657	176	0
6658	175	0
6659	174	0
6660	175	0
6661	175	0
6662	175	0
6663	175	0
6664	175	0
6665	175	0
6666	175	0
6667	174	0
6668	175	0
6669	175	0
6670	175	0
6671	175	0
6672	175	0
6673	175	0
6674	175	0
6675	175	0
6676	175	0
6677	175	0
6678	175	0
6679	175	0
6680	175	0
6681	176	0
6682	175	0
6683	175	0
6684	175	0
6685	175	0
6686	175	0
6687	175	0
6688	175	0
6689	176	0
6690	175	0
6691	175	0
6692	176	0
6693	176	0
6694	175	0
6695	175	0
6696	174	0
6697	175	0
6698	175	0
6699	175	0
6700	175	0
6701	175	0
6702	175	0
6703	175	0
6704	175	0
6705	174	0
6706	174	0
6707	175	0
6708	175	0
6709	175	0
6710	175	0
6711	175	0
6712	175	0
6713	175	0
6714	175	0
6715	175	0
6716	176	0
6717	175	0
6718	175	0
6719	175	0
6720	176	0
6721	175	0
6722	175	0
6723	175	0
6724	175	0
6725	176	0
6726	175	0
6727	176	0
6728	175	0
6729	175	0
6730	175	0
6731	175	0
6732	175	0
6733	175	0
6734	176	0
6735	175	0
6736	175	0
6737	175	0
6738	175	0
6739	175	0
6740	175	0
6741	176	0
6742	176	0
6743	175	0
6744	175	0
6745	175	0
6746	176	0
6747	175	0
6748	175	0
6749	175	0
6750	175	0
6751	175	0
6752	176	0
6753	175	0
6754	176	0
6755	175	0
6756	175	0
6757	175	0
6758	175	0
6759	175	0
6760	175	0
6761	175	0
6762	175	0
6763	175	0
6764	175	0
6765	176	0
6766	175	0
6767	175	0
6768	175	0
6769	175	0
6770	175	0
6771	175	0
6772	175	0
6773	175	0
6774	175	0
6775	175	0
6776	175	0
6777	174	0
6778	175	0
6779	176	0
6780	176	0
6781	175	0
6782	175	0
6783	174	0
6784	175	0
6785	175	0
6786	175	0
6787	175	0
6788	175	0
6789	175	0
6790	175	0
6791	175	0
6792	175	0
6793	175	0
6794	175	0
6795	175	0
6796	175	0
6797	175	0
6798	175	0
6799	175	0
6800	175	0
6801	175	0
6802	176	0
6803	174	0
6804	175	0
6805	175	0
6806	175	0
6807	176	0
6808	175	0
6809	175	0
6810	176	0
6811	175	0
6812	175	0
6813	175	0
6814	175	0
6815	174	0
6816	174	0
6817	174	0
6818	175	0
6819	175	0
6820	175	0
6821	175	0
6822	175	0
6823	175	0
6824	175	0
6825	175	0
6826	175	0
6827	175	0
6828	175	0
6829	175	0
6830	175	0
6831	175	0
6832	175	0
6833	175	0
6834	174	0
6835	174	0
6836	174	0
6837	174	0
6838	173	0
6839	173	0
6840	172	0
6841	172	0
6842	172	0
6843	171	0
6844	171	0
6845	171	0
6846	170	0
6847	170	0
6848	169	0
6849	169	0
6850	169	0
6851	168	0
6852	168	0
6853	168	0
6854	168	0
6855	166	0
6856	166	0
6857	165	0
6858	165	0
6859	165	0
6860	164	0
6861	163	0
6862	163	0
6863	162	0
6864	162	0
6865	162	0
6866	161	0
6867	161	0
6868	161	0
6869	160	0
6870	160	0
6871	158	0
6872	158	0
6873	157	0
6874	157	0
6875	157	0
6876	156	0
6877	156	0
6878	155	0
6879	154	0
6880	155	0
6881	154	0
6882	153	0
6883	152	0
6884	153	0
6885	152	0
6886	152	0
6887	151	0
6888	151	0
6889	150	0
6890	150	0
6891	149	0
6892	149	0
6893	149	0
6894	149	0
6895	149	0
6896	149	0
6897	148	0
6898	147	0
6899	147	0
6900	146	0
6901	145	0
6902	145	0
6903	145	0
6904	144	0
6905	145	0
6906	145	0
6907	144	0
6908	144	0
6909	143	0
6910	143	0
6911	143	0
6912	142	0
6913	142	0
6914	141	0
6915	141	0
6916	141	0
6917	141	0
6918	140	0
6919	140	0
6920	140	0
6921	139	0
6922	139	0
6923	139	0
6924	138	0
6925	138	0
6926	138	0
6927	138	0
6928	137	0
6929	137	0
6930	137	0
6931	137	0
6932	137	0
6933	136	0
6934	136	0
6935	137	0
6936	136	0
6937	136	0
6938	137	0
6939	136	0
6940	136	0
6941	136	0
6942	136	0
6943	136	0
6944	137	0
6945	136	0
6946	136	0
6947	136	0
6948	136	0
6949	136	0
6950	136	0
6951	136	0
6952	136	0
6953	136	0
6954	136	0
6955	136	0
6956	136	0
6957	136	0
6958	136	0
6959	137	0
6960	136	0
6961	136	0
6962	136	0
6963	137	0
6964	136	0
6965	136	0
6966	136	0
6967	136	0
6968	136	0
6969	136	0
6970	136	0
6971	136	0
6972	136	0
6973	136	0
6974	136	0
6975	136	0
6976	136	0
6977	136	0
6978	136	0
6979	136	0
6980	136	0
6981	136	0
6982	136	0
6983	136	0
6984	136	0
6985	136	0
6986	136	0
6987	136	0
6988	136	0
6989	136	0
6990	136	0
6991	136	0
6992	136	0
6993	136	0
6994	136	0
6995	136	0
6996	136	0
6997	136	0
6998	136	0
6999	136	0
7000	136	0
7001	136	0
7002	136	0
7003	136	0
7004	136	0
7005	136	0
7006	137	0
7007	136	0
7008	136	0
7009	136	0
7010	136	0
7011	136	0
7012	137	0
7013	136	0
7014	136	0
7015	136	0
7016	136	0
7017	136	0
7018	136	0
7019	136	0
7020	136	0
7021	136	0
7022	137	0
7023	136	0
7024	137	0
7025	136	0
7026	137	0
7027	136	0
7028	136	0
7029	136	0
7030	136	0
7031	136	0
7032	136	0
7033	136	0
7034	136	0
7035	136	0
7036	136	0
7037	136	0
7038	136	0
7039	136	0
7040	136	0
7041	136	0
7042	137	0
7043	136	0
7044	136	0
7045	136	0
7046	136	0
7047	136	0
7048	136	0
7049	136	0
7050	136	0
7051	136	0
7052	136	0
7053	136	0
7054	136	0
7055	136	0
7056	136	0
7057	136	0
7058	136	0
7059	136	0
7060	136	0
7061	136	0
7062	136	0
7063	136	0
7064	136	0
7065	137	0
7066	136	0
7067	137	0
7068	137	0
7069	136	0
7070	136	0
7071	136	0
7072	136	0
7073	136	0
7074	136	0
7075	136	0
7076	136	0
7077	136	0
7078	136	0
7079	136	0
7080	136	0
7081	136	0
7082	136	0
7083	136	0
7084	136	0
7085	136	0
7086	136	0
7087	136	0
7088	136	0
7089	136	0
7090	136	0
7091	136	0
7092	136	0
7093	136	0
7094	137	0
7095	136	0
7096	136	0
7097	136	0
7098	136	0
7099	136	0
7100	136	0
7101	136	0
7102	136	0
7103	136	0
7104	136	0
7105	136	0
7106	136	0
7107	136	0
7108	136	0
7109	136	0
7110	136	0
7111	136	0
7112	136	0
7113	136	0
7114	136	0
7115	136	0
7116	136	0
7117	137	0
7118	136	0
7119	136	0
7120	136	0
7121	136	0
7122	136	0
7123	136	0
7124	136	0
7125	137	0
7126	136	0
7127	136	0
7128	136	0
7129	137	0
7130	136	0
7131	136	0
7132	137	0
7133	137	0
7134	136	0
7135	136	0
7136	136	0
7137	136	0
7138	136	0
7139	136	0
7140	136	0
7141	136	0
7142	136	0
7143	136	0
7144	136	0
7145	136	0
7146	136	0
7147	136	0
7148	136	0
7149	136	0
7150	137	0
7151	136	0
7152	136	0
7153	136	0
7154	136	0
7155	136	0
7156	136	0
7157	136	0
7158	136	0
7159	136	0
7160	136	0
7161	136	0
7162	136	0
7163	137	0
7164	136	0
7165	136	0
7166	136	0
7167	136	0
7168	136	0
7169	136	0
7170	136	0
7171	136	0
7172	136	0
7173	136	0
7174	135	0
7175	136	0
7176	136	0
7177	136	0
7178	136	0
7179	136	0
7180	136	0
7181	136	0
7182	136	0
7183	137	0
7184	136	0
7185	136	0
7186	136	0
7187	136	0
7188	136	0
7189	136	0
7190	136	0
7191	136	0
7192	136	0
7193	136	0
7194	136	0
7195	136	0
7196	136	0
7197	136	0
7198	136	0
7199	136	0
7200	136	0
7201	136	0
7202	136	0
7203	136	0
7204	136	0
7205	136	0
7206	136	0
7207	137	0
7208	136	0
7209	136	0
7210	136	0
7211	136	0
7212	136	0
7213	136	0
7214	136	0
7215	136	0
7216	136	0
7217	136	0
7218	136	0
7219	136	0
7220	136	0
7221	136	0
7222	136	0
7223	136	0
7224	136	0
7225	136	0
7226	136	0
7227	137	0
7228	136	0
7229	136	0
7230	136	0
7231	136	0
7232	136	0
7233	136	0
7234	136	0
7235	136	0
7236	135	0
7237	136	0
7238	136	0
7239	136	0
7240	136	0
7241	136	0
7242	136	0
7243	136	0
7244	136	0
7245	136	0
7246	136	0
7247	136	0
7248	136	0
7249	136	0
7250	136	0
7251	136	0
7252	136	0
7253	136	0
7254	136	0
7255	136	0
7256	136	0
7257	136	0
7258	136	0
7259	136	0
7260	136	0
7261	137	0
7262	136	0
7263	136	0
7264	137	0
7265	138	0
7266	138	0
7267	138	0
7268	139	0
7269	139	0
7270	139	0
7271	140	0
7272	141	0
7273	141	0
7274	141	0
7275	142	0
7276	142	0
7277	142	0
7278	143	0
7279	144	0
7280	144	0
7281	144	0
7282	145	0
7283	145	0
7284	146	0
7285	146	0
7286	147	0
7287	147	0
7288	148	0
7289	148	0
7290	148	0
7291	149	0
7292	149	0
7293	149	0
7294	149	0
7295	150	0
7296	150	0
7297	151	0
7298	151	0
7299	152	0
7300	152	0
7301	152	0
7302	152	0
7303	152	0
7304	153	0
7305	154	0
7306	154	0
7307	154	0
7308	155	0
7309	155	0
7310	155	0
7311	156	0
7312	156	0
7313	156	0
7314	157	0
7315	157	0
7316	157	0
7317	157	0
7318	158	0
7319	157	0
7320	158	0
7321	159	0
7322	159	0
7323	160	0
7324	160	0
7325	160	0
7326	161	0
7327	161	0
7328	161	0
7329	161	0
7330	162	0
7331	161	0
7332	162	0
7333	162	0
7334	163	0
7335	162	0
7336	163	0
7337	164	0
7338	164	0
7339	164	0
7340	165	0
7341	164	0
7342	165	0
7343	165	0
7344	165	0
7345	165	0
7346	165	0
7347	166	0
7348	167	0
7349	168	0
7350	168	0
7351	168	0
7352	168	0
7353	169	0
7354	168	0
7355	169	0
7356	168	0
7357	168	0
7358	169	0
7359	169	0
7360	170	0
7361	169	0
7362	169	0
7363	170	0
7364	170	0
7365	170	0
7366	171	0
7367	170	0
7368	171	0
7369	171	0
7370	171	0
7371	171	0
7372	171	0
7373	172	0
7374	172	0
7375	172	0
7376	173	0
7377	173	0
7378	173	0
7379	173	0
7380	173	0
7381	173	0
7382	174	0
7383	173	0
7384	174	0
7385	174	0
7386	174	0
7387	174	0
7388	174	0
7389	175	0
7390	174	0
7391	174	0
7392	175	0
7393	175	0
7394	175	0
7395	175	0
7396	175	0
7397	176	0
7398	175	0
7399	175	0
7400	175	0
7401	174	0
7402	175	0
7403	174	0
7404	174	0
7405	175	0
7406	175	0
7407	174	0
7408	175	0
7409	175	0
7410	175	0
7411	175	0
7412	175	0
7413	175	0
7414	175	0
7415	174	0
7416	175	0
7417	175	0
7418	176	0
7419	175	0
7420	175	0
7421	176	0
7422	175	0
7423	174	0
7424	175	0
7425	175	0
7426	175	0
7427	175	0
7428	175	0
7429	175	0
7430	175	0
7431	175	0
7432	175	0
7433	175	0
7434	175	0
7435	175	0
7436	175	0
7437	175	0
7438	175	0
7439	175	0
7440	174	0
7441	175	0
7442	175	0
7443	174	0
7444	175	0
7445	175	0
7446	175	0
7447	175	0
7448	175	0
7449	175	0
7450	174	0
7451	175	0
7452	174	0
7453	175	0
7454	176	0
7455	175	0
7456	174	0
7457	175	0
7458	175	0
7459	175	0
7460	175	0
7461	175	0
7462	175	0
7463	175	0
7464	176	0
7465	175	0
7466	175	0
7467	175	0
7468	175	0
7469	176	0
7470	175	0
7471	175	0
7472	175	0
7473	175	0
7474	175	0
7475	175	0
7476	175	0
7477	174	0
7478	174	0
7479	175	0
7480	175	0
7481	175	0
7482	175	0
7483	175	0
7484	175	0
7485	175	0
7486	175	0
7487	174	0
7488	175	0
7489	175	0
7490	175	0
7491	175	0
7492	175	0
7493	175	0
7494	175	0
7495	175	0
7496	175	0
7497	175	0
7498	174	0
7499	175	0
7500	175	0
7501	174	0
7502	175	0
7503	174	0
7504	175	0
7505	175	0
7506	175	0
7507	175	0
7508	176	0
7509	175	0
7510	175	0
7511	175	0
7512	175	0
7513	175	0
7514	175	0
7515	175	0
7516	175	0
7517	175	0
7518	175	0
7519	175	0
7520	175	0
7521	175	0
7522	175	0
7523	175	0
7524	174	0
7525	175	0
7526	174	0
7527	174	0
7528	174	0
7529	174	0
7530	174	0
7531	173	0
7532	173	0
7533	173	0
7534	173	0
7535	173	0
7536	172	0
7537	172	0
7538	172	0
7539	172	0
7540	172	0
7541	171	0
7542	172	0
7543	171	0
7544	171	0
7545	171	0
7546	171	0
7547	171	0
7548	171	0
7549	170	0
7550	170	0
7551	170	0
7552	170	0
7553	169	0
7554	169	0
7555	169	0
7556	169	0
7557	169	0
7558	169	0
7559	169	0
7560	168	0
7561	168	0
7562	169	0
7563	169	0
7564	169	0
7565	168	0
7566	168	0
7567	168	0
7568	167	0
7569	167	0
7570	167	0
7571	167	0
7572	167	0
7573	166	0
7574	166	0
7575	166	0
7576	166	0
7577	165	0
7578	165	0
7579	165	0
7580	165	0
7581	165	0
7582	165	0
7583	165	0
7584	165	0
7585	164	0
7586	164	0
7587	164	0
7588	164	0
7589	165	0
7590	164	0
7591	164	0
7592	163	0
7593	163	0
7594	163	0
7595	163	0
7596	162	0
7597	163	0
7598	163	0
7599	163	0
7600	162	0
7601	162	0
7602	162	0
7603	163	0
7604	162	0
7605	162	0
7606	162	0
7607	162	0
7608	162	0
7609	162	0
7610	162	0
7611	161	0
7612	162	0
7613	162	0
7614	162	0
7615	162	0
7616	162	0
7617	162	0
7618	162	0
7619	162	0
7620	162	0
7621	162	0
7622	162	0
7623	161	0
7624	162	0
7625	161	0
7626	161	0
7627	161	0
7628	162	0
7629	161	0
7630	161	0
7631	161	0
7632	161	0
7633	161	0
7634	161	0
7635	161	0
7636	161	0
7637	162	0
7638	161	0
7639	160	0
7640	161	0
7641	161	0
7642	161	0
7643	161	0
7644	161	0
7645	161	0
7646	161	0
7647	161	0
7648	161	0
7649	161	0
7650	161	0
7651	160	0
7652	160	0
7653	161	0
7654	161	0
7655	161	0
7656	161	0
7657	161	0
7658	161	0
7659	160	0
7660	160	0
7661	160	0
7662	161	0
7663	161	0
7664	160	0
7665	160	0
7666	160	0
7667	160	0
7668	161	0
7669	160	0
7670	161	0
7671	161	0
7672	160	0
7673	160	0
7674	161	0
7675	161	0
7676	161	0
7677	161	0
7678	160	0
7679	161	0
7680	160	0
7681	161	0
7682	161	0
7683	161	0
7684	160	0
7685	160	0
7686	161	0
7687	160	0
7688	160	0
7689	160	0
7690	160	0
7691	160	0
7692	160	0
7693	160	0
7694	160	0
7695	160	0
7696	160	0
7697	160	0
7698	160	0
7699	160	0
7700	159	0
7701	159	0
7702	161	0
7703	161	0
7704	160	0
7705	160	0
7706	159	0
7707	159	0
7708	160	0
7709	160	0
7710	160	0
7711	160	0
7712	159	0
7713	160	0
7714	159	0
7715	160	0
7716	160	0
7717	160	0
7718	160	0
7719	159	0
7720	159	0
7721	160	0
7722	161	0
7723	160	0
7724	160	0
7725	159	0
7726	160	0
7727	160	0
7728	159	0
7729	160	0
7730	159	0
7731	159	0
7732	159	0
7733	159	0
7734	159	0
7735	159	0
7736	159	0
7737	159	0
7738	160	0
7739	160	0
7740	159	0
7741	160	0
7742	159	0
7743	158	0
7744	160	0
7745	160	0
7746	159	0
7747	160	0
7748	160	0
7749	159	0
7750	160	0
7751	159	0
7752	160	0
7753	160	0
7754	159	0
7755	159	0
7756	160	0
7757	160	0
7758	160	0
7759	160	0
7760	160	0
7761	160	0
7762	160	0
7763	160	0
7764	160	0
7765	161	0
7766	160	0
7767	160	0
7768	160	0
7769	159	0
7770	159	0
7771	159	0
7772	160	0
7773	161	0
7774	160	0
7775	159	0
7776	159	0
7777	160	0
7778	159	0
7779	160	0
7780	159	0
7781	159	0
7782	160	0
7783	159	0
7784	159	0
7785	159	0
7786	160	0
7787	159	0
7788	159	0
7789	160	0
7790	160	0
7791	160	0
7792	159	0
7793	159	0
7794	159	0
7795	160	0
7796	161	0
7797	160	0
7798	161	0
7799	160	0
7800	160	0
7801	159	0
7802	161	0
7803	161	0
7804	159	0
7805	160	0
7806	160	0
7807	160	0
7808	160	0
7809	160	0
7810	159	0
7811	160	0
7812	160	0
7813	161	0
7814	160	0
7815	160	0
7816	161	0
7817	160	0
7818	161	0
7819	161	0
7820	161	0
7821	160	0
7822	161	0
7823	161	0
7824	161	0
7825	161	0
7826	161	0
7827	161	0
7828	161	0
7829	161	0
7830	161	0
7831	162	0
7832	162	0
7833	162	0
7834	162	0
7835	161	0
7836	162	0
7837	162	0
7838	162	0
7839	162	0
7840	162	0
7841	162	0
7842	162	0
7843	163	0
7844	162	0
7845	163	0
7846	163	0
7847	164	0
7848	164	0
7849	163	0
7850	164	0
7851	164	0
7852	165	0
7853	165	0
7854	165	0
7855	165	0
7856	165	0
7857	165	0
7858	165	0
7859	165	0
7860	166	0
7861	167	0
7862	167	0
7863	167	0
7864	168	0
7865	167	0
7866	168	0
7867	168	0
7868	168	0
7869	169	0
7870	168	0
7871	169	0
7872	169	0
7873	169	0
7874	169	0
7875	169	0
7876	170	0
7877	170	0
7878	169	0
7879	170	0
7880	170	0
7881	171	0
7882	170	0
7883	171	0
7884	171	0
7885	172	0
7886	171	0
7887	172	0
7888	173	0
7889	173	0
7890	173	0
7891	173	0
7892	173	0
7893	174	0
7894	174	0
7895	174	0
7896	175	0
7897	175	0
7898	175	0
7899	175	0
7900	175	0
7901	175	0
7902	175	0
7903	176	0
7904	175	0
7905	175	0
7906	175	0
7907	175	0
7908	175	0
7909	175	0
7910	175	0
7911	175	0
7912	175	0
7913	175	0
7914	176	0
7915	175	0
7916	175	0
7917	174	0
7918	175	0
7919	174	0
7920	175	0
7921	175	0
7922	175	0
7923	175	0
7924	175	0
7925	175	0
7926	174	0
7927	175	0
7928	176	0
7929	174	0
7930	175	0
7931	175	0
7932	175	0
7933	175	0
7934	175	0
7935	175	0
7936	175	0
7937	175	0
7938	175	0
7939	176	0
7940	175	0
7941	176	0
7942	175	0
7943	175	0
7944	175	0
7945	176	0
7946	174	0
7947	176	0
7948	175	0
7949	175	0
7950	175	0
7951	176	0
7952	175	0
7953	176	0
7954	176	0
7955	175	0
7956	175	0
7957	175	0
7958	174	0
7959	175	0
7960	176	0
7961	175	0
7962	175	0
7963	175	0
7964	175	0
7965	175	0
7966	175	0
7967	175	0
7968	176	0
7969	175	0
7970	176	0
7971	175	0
7972	175	0
7973	174	0
7974	175	0
7975	175	0
7976	175	0
7977	175	0
7978	175	0
7979	175	0
7980	175	0
7981	174	0
7982	176	0
7983	175	0
7984	175	0
7985	175	0
7986	175	0
7987	175	0
7988	176	0
7989	175	0
7990	175	0
7991	175	0
7992	175	0
7993	175	0
7994	176	0
7995	175	0
7996	175	0
7997	175	0
7998	175	0
7999	175	0
