Oscilloscope data. 
Time step = 2,500 uS
Voltage step = 31,25 mV
Zero level = 53

N 	Smpl.	Trig

0	97	0
1	101	0
2	138	0
3	176	0
4	113	0
5	79	0
6	109	0
7	136	0
8	155	0
9	90	0
10	62	0
11	115	0
12	136	0
13	132	0
14	78	0
15	63	0
16	133	0
17	144	0
18	120	0
19	85	0
20	83	0
21	157	0
22	157	0
23	111	0
24	96	0
25	106	0
26	170	0
27	157	0
28	94	0
29	97	0
30	120	0
31	162	0
32	139	0
33	69	0
34	91	0
35	126	0
36	144	0
37	116	0
38	54	0
39	93	0
40	139	0
41	133	0
42	104	0
43	61	0
44	111	0
45	161	0
46	130	0
47	103	0
48	84	0
49	133	0
50	178	0
51	125	0
52	97	0
53	102	0
54	144	0
55	173	0
56	106	0
57	81	0
58	110	0
59	140	0
60	152	0
61	83	0
62	65	0
63	119	0
64	136	0
65	129	0
66	73	0
67	68	0
68	138	0
69	143	0
70	117	0
71	82	0
72	88	0
73	162	0
74	153	0
75	109	0
76	96	0
77	111	0
78	174	0
79	151	0
80	91	0
81	98	0
82	123	0
83	164	0
84	132	0
85	66	0
86	95	0
87	128	0
88	145	0
89	110	0
90	53	0
91	99	0
92	141	0
93	131	0
94	100	0
95	62	0
96	118	0
97	162	0
98	127	0
99	101	0
100	85	0
101	141	0
102	177	0
103	120	0
104	96	0
105	105	0
106	148	0
107	171	0
108	100	0
109	81	0
110	113	0
111	142	0
112	147	0
113	77	0
114	69	0
115	122	0
116	136	0
117	126	0
118	69	0
119	73	0
120	143	0
121	141	0
122	114	0
123	80	0
124	94	0
125	167	0
126	150	0
127	106	0
128	95	0
129	115	0
130	177	0
131	145	0
132	89	0
133	100	0
134	125	0
135	165	0
136	125	0
137	65	0
138	98	0
139	129	0
140	144	0
141	104	0
142	53	0
143	105	0
144	142	0
145	129	0
146	96	0
147	64	0
148	127	0
149	162	0
150	125	0
151	98	0
152	87	0
153	147	0
154	176	0
155	114	0
156	96	0
157	106	0
158	152	0
159	167	0
160	93	0
161	83	0
162	116	0
163	145	0
164	143	0
165	71	0
166	72	0
167	125	0
168	136	0
169	122	0
170	65	0
171	78	0
172	147	0
173	139	0
174	113	0
175	78	0
176	100	0
177	170	0
178	145	0
179	105	0
180	96	0
181	121	0
182	179	0
183	138	0
184	88	0
185	101	0
186	129	0
187	165	0
188	117	0
189	64	0
190	102	0
191	132	0
192	143	0
193	97	0
194	53	0
195	111	0
196	142	0
197	128	0
198	92	0
199	65	0
200	133	0
201	161	0
202	121	0
203	97	0
204	89	0
205	154	0
206	172	0
207	111	0
208	97	0
209	109	0
210	157	0
211	162	0
212	89	0
213	85	0
214	117	0
215	146	0
216	138	0
217	66	0
218	77	0
219	129	0
220	136	0
221	119	0
222	62	0
223	85	0
224	149	0
225	137	0
226	109	0
227	77	0
228	107	0
229	173	0
230	141	0
231	103	0
232	96	0
233	126	0
234	180	0
235	131	0
236	86	0
237	104	0
238	133	0
239	165	0
240	110	0
241	65	0
242	106	0
243	133	0
244	141	0
245	91	0
246	55	0
247	117	0
248	142	0
249	126	0
250	88	0
251	68	0
252	140	0
253	160	0
254	119	0
255	96	0
256	93	0
257	159	0
258	168	0
259	106	0
260	97	0
261	111	0
262	161	0
263	157	0
264	83	0
265	87	0
266	120	0
267	147	0
268	133	0
269	62	0
270	81	0
271	131	0
272	136	0
273	115	0
274	60	0
275	92	0
276	152	0
277	135	0
278	107	0
279	76	0
280	114	0
281	175	0
282	136	0
283	101	0
284	96	0
285	132	0
286	180	0
287	125	0
288	85	0
289	106	0
290	136	0
291	163	0
292	102	0
293	64	0
294	109	0
295	133	0
296	139	0
297	85	0
298	57	0
299	123	0
300	141	0
301	124	0
302	84	0
303	73	0
304	146	0
305	157	0
306	116	0
307	94	0
308	97	0
309	165	0
310	163	0
311	103	0
312	97	0
313	114	0
314	164	0
315	151	0
316	79	0
317	90	0
318	122	0
319	149	0
320	127	0
321	59	0
322	86	0
323	133	0
324	135	0
325	110	0
326	58	0
327	98	0
328	154	0
329	133	0
330	104	0
331	77	0
332	122	0
333	176	0
334	131	0
335	101	0
336	96	0
337	138	0
338	179	0
339	117	0
340	85	0
341	108	0
342	138	0
343	160	0
344	95	0
345	66	0
346	113	0
347	135	0
348	136	0
349	79	0
350	61	0
351	128	0
352	141	0
353	122	0
354	81	0
355	77	0
356	152	0
357	154	0
358	114	0
359	93	0
360	101	0
361	170	0
362	159	0
363	100	0
364	97	0
365	117	0
366	167	0
367	145	0
368	76	0
369	93	0
370	124	0
371	149	0
372	120	0
373	56	0
374	92	0
375	135	0
376	134	0
377	105	0
378	57	0
379	105	0
380	156	0
381	130	0
382	102	0
383	77	0
384	128	0
385	176	0
386	127	0
387	99	0
388	98	0
389	143	0
390	177	0
391	111	0
392	85	0
393	109	0
394	142	0
395	158	0
396	88	0
397	68	0
398	117	0
399	136	0
400	133	0
401	73	0
402	65	0
403	132	0
404	140	0
405	119	0
406	78	0
407	82	0
408	157	0
409	151	0
410	111	0
411	92	0
412	106	0
413	173	0
414	152	0
415	96	0
416	98	0
417	120	0
418	169	0
419	137	0
420	73	0
421	95	0
422	126	0
423	149	0
424	113	0
425	54	0
426	97	0
427	136	0
428	133	0
429	100	0
430	57	0
431	113	0
432	156	0
433	127	0
434	100	0
435	79	0
436	136	0
437	175	0
438	122	0
439	98	0
440	100	0
441	149	0
442	175	0
443	105	0
444	87	0
445	112	0
446	145	0
447	154	0
448	81	0
449	71	0
450	119	0
451	137	0
452	130	0
453	68	0
454	70	0
455	137	0
456	138	0
457	117	0
458	75	0
459	87	0
460	161	0
461	148	0
462	109	0
463	91	0
464	111	0
465	177	0
466	147	0
467	95	0
468	100	0
469	125	0
470	171	0
471	130	0
472	71	0
473	99	0
474	128	0
475	149	0
476	107	0
477	54	0
478	103	0
479	137	0
480	132	0
481	96	0
482	58	0
483	120	0
484	156	0
485	125	0
486	97	0
487	80	0
488	143	0
489	173	0
490	118	0
491	97	0
492	103	0
493	154	0
494	171	0
495	100	0
496	88	0
497	114	0
498	148	0
499	150	0
500	76	0
501	74	0
502	122	0
503	137	0
504	127	0
505	64	0
506	76	0
507	141	0
508	137	0
509	114	0
510	73	0
511	94	0
512	165	0
513	144	0
514	107	0
515	91	0
516	117	0
517	179	0
518	141	0
519	93	0
520	101	0
521	129	0
522	170	0
523	122	0
524	69	0
525	102	0
526	130	0
527	148	0
528	100	0
529	54	0
530	108	0
531	137	0
532	130	0
533	91	0
534	61	0
535	127	0
536	156	0
537	123	0
538	95	0
539	84	0
540	150	0
541	170	0
542	114	0
543	98	0
544	105	0
545	159	0
546	167	0
547	94	0
548	89	0
549	116	0
550	149	0
551	145	0
552	70	0
553	78	0
554	125	0
555	138	0
556	122	0
557	60	0
558	81	0
559	144	0
560	136	0
561	111	0
562	71	0
563	101	0
564	168	0
565	140	0
566	105	0
567	91	0
568	124	0
569	180	0
570	134	0
571	92	0
572	103	0
573	133	0
574	170	0
575	114	0
576	69	0
577	105	0
578	132	0
579	147	0
580	93	0
581	55	0
582	113	0
583	138	0
584	129	0
585	87	0
586	63	0
587	134	0
588	154	0
589	121	0
590	93	0
591	86	0
592	157	0
593	167	0
594	110	0
595	97	0
596	108	0
597	163	0
598	161	0
599	89	0
600	91	0
601	118	0
602	152	0
603	139	0
604	66	0
605	83	0
606	127	0
607	137	0
608	117	0
609	57	0
610	88	0
611	145	0
612	134	0
613	108	0
614	69	0
615	109	0
616	170	0
617	136	0
618	104	0
619	90	0
620	129	0
621	181	0
622	128	0
623	90	0
624	105	0
625	137	0
626	168	0
627	107	0
628	69	0
629	109	0
630	133	0
631	145	0
632	87	0
633	57	0
634	118	0
635	138	0
636	127	0
637	82	0
638	67	0
639	141	0
640	152	0
641	117	0
642	91	0
643	91	0
644	162	0
645	163	0
646	107	0
647	97	0
648	111	0
649	168	0
650	155	0
651	85	0
652	93	0
653	121	0
654	153	0
655	133	0
656	62	0
657	87	0
658	128	0
659	137	0
660	113	0
661	55	0
662	94	0
663	148	0
664	132	0
665	105	0
666	69	0
667	116	0
668	171	0
669	132	0
670	102	0
671	92	0
672	136	0
673	180	0
674	122	0
675	90	0
676	106	0
677	140	0
678	167	0
679	101	0
680	71	0
681	111	0
682	136	0
683	144	0
684	81	0
685	61	0
686	123	0
687	137	0
688	124	0
689	78	0
690	71	0
691	146	0
692	149	0
693	116	0
694	89	0
695	96	0
696	168	0
697	159	0
698	105	0
699	97	0
700	115	0
701	170	0
702	149	0
703	82	0
704	95	0
705	123	0
706	155	0
707	126	0
708	60	0
709	92	0
710	131	0
711	137	0
712	107	0
713	54	0
714	101	0
715	149	0
716	130	0
717	101	0
718	71	0
719	124	0
720	171	0
721	128	0
722	101	0
723	93	0
724	142	0
725	178	0
726	117	0
727	90	0
728	108	0
729	144	0
730	164	0
731	93	0
732	73	0
733	115	0
734	137	0
735	139	0
736	75	0
737	65	0
738	128	0
739	137	0
740	121	0
741	74	0
742	77	0
743	151	0
744	148	0
745	113	0
746	88	0
747	101	0
748	171	0
749	153	0
750	101	0
751	98	0
752	119	0
753	173	0
754	142	0
755	80	0
756	97	0
757	125	0
758	156	0
759	119	0
760	58	0
761	97	0
762	132	0
763	136	0
764	102	0
765	54	0
766	108	0
767	149	0
768	128	0
769	99	0
770	72	0
771	132	0
772	170	0
773	125	0
774	100	0
775	96	0
776	148	0
777	176	0
778	111	0
779	91	0
780	109	0
781	148	0
782	160	0
783	87	0
784	75	0
785	117	0
786	139	0
787	135	0
788	69	0
789	69	0
790	131	0
791	136	0
792	119	0
793	71	0
794	83	0
795	156	0
796	145	0
797	111	0
798	87	0
799	106	0
800	174	0
801	149	0
802	99	0
803	99	0
804	123	0
805	174	0
806	134	0
807	77	0
808	101	0
809	128	0
810	155	0
811	112	0
812	57	0
813	101	0
814	133	0
815	135	0
816	97	0
817	55	0
818	115	0
819	150	0
820	126	0
821	96	0
822	74	0
823	138	0
824	169	0
825	121	0
826	99	0
827	97	0
828	154	0
829	173	0
830	105	0
831	92	0
832	112	0
833	151	0
834	156	0
835	81	0
836	78	0
837	120	0
838	140	0
839	131	0
840	65	0
841	74	0
842	135	0
843	136	0
844	116	0
845	69	0
846	90	0
847	159	0
848	141	0
849	109	0
850	86	0
851	113	0
852	177	0
853	142	0
854	97	0
855	100	0
856	128	0
857	175	0
858	127	0
859	77	0
860	102	0
861	130	0
862	155	0
863	104	0
864	57	0
865	106	0
866	135	0
867	133	0
868	91	0
869	56	0
870	122	0
871	149	0
872	124	0
873	93	0
874	77	0
875	146	0
876	167	0
877	117	0
878	98	0
879	101	0
880	160	0
881	169	0
882	100	0
883	93	0
884	114	0
885	154	0
886	151	0
887	75	0
888	82	0
889	122	0
890	141	0
891	126	0
892	61	0
893	80	0
894	137	0
895	136	0
896	112	0
897	67	0
898	96	0
899	162	0
900	139	0
901	107	0
902	86	0
903	119	0
904	179	0
905	137	0
906	97	0
907	101	0
908	132	0
909	175	0
910	120	0
911	76	0
912	105	0
913	133	0
914	153	0
915	97	0
916	57	0
917	110	0
918	135	0
919	132	0
920	86	0
921	59	0
922	129	0
923	149	0
924	121	0
925	90	0
926	80	0
927	152	0
928	164	0
929	114	0
930	97	0
931	104	0
932	164	0
933	164	0
934	96	0
935	93	0
936	117	0
937	157	0
938	145	0
939	71	0
940	85	0
941	125	0
942	141	0
943	121	0
944	57	0
945	85	0
946	140	0
947	133	0
948	109	0
949	64	0
950	103	0
951	165	0
952	136	0
953	105	0
954	86	0
955	126	0
956	180	0
957	131	0
958	95	0
959	101	0
960	137	0
961	174	0
962	113	0
963	76	0
964	108	0
965	135	0
966	152	0
967	90	0
968	60	0
969	116	0
970	136	0
971	130	0
972	80	0
973	62	0
974	135	0
975	148	0
976	120	0
977	88	0
978	85	0
979	158	0
980	161	0
981	111	0
982	96	0
983	108	0
984	168	0
985	158	0
986	92	0
987	96	0
988	120	0
989	159	0
990	138	0
991	67	0
992	89	0
993	126	0
994	141	0
995	116	0
996	55	0
997	92	0
998	142	0
999	132	0
1000	105	0
1001	64	0
1002	111	0
1003	165	0
1004	132	0
1005	103	0
1006	86	0
1007	133	0
1008	181	0
1009	125	0
1010	95	0
1011	104	0
1012	141	0
1013	173	0
1014	105	0
1015	77	0
1016	110	0
1017	137	0
1018	149	0
1019	84	0
1020	62	0
1021	119	0
1022	136	0
1023	128	0
1024	76	0
1025	67	0
1026	140	0
1027	146	0
1028	117	0
1029	85	0
1030	89	0
1031	163	0
1032	157	0
1033	108	0
1034	97	0
1035	112	0
1036	173	0
1037	152	0
1038	89	0
1039	96	0
1040	122	0
1041	160	0
1042	131	0
1043	65	0
1044	93	0
1045	128	0
1046	141	0
1047	110	0
1048	53	0
1049	98	0
1050	143	0
1051	131	0
1052	101	0
1053	64	0
1054	118	0
1055	165	0
1056	129	0
1057	101	0
1058	88	0
1059	140	0
1060	179	0
1061	121	0
1062	95	0
1063	105	0
1064	146	0
1065	169	0
1066	99	0
1067	77	0
1068	112	0
1069	139	0
1070	145	0
1071	77	0
1072	65	0
1073	123	0
1074	136	0
1075	125	0
1076	71	0
1077	72	0
1078	145	0
1079	144	0
1080	115	0
1081	83	0
1082	95	0
1083	169	0
1084	153	0
1085	106	0
1086	96	0
1087	116	0
1088	175	0
1089	146	0
1090	85	0
1091	99	0
1092	125	0
1093	161	0
1094	125	0
1095	62	0
1096	97	0
1097	130	0
1098	141	0
1099	104	0
1100	53	0
1101	105	0
1102	145	0
1103	129	0
1104	98	0
1105	66	0
1106	126	0
1107	165	0
1108	125	0
1109	100	0
1110	90	0
1111	146	0
1112	177	0
1113	115	0
1114	94	0
1115	107	0
1116	150	0
1117	166	0
1118	93	0
1119	80	0
1120	116	0
1121	141	0
1122	141	0
1123	71	0
1124	69	0
1125	126	0
1126	136	0
1127	121	0
1128	68	0
1129	78	0
1130	149	0
1131	141	0
1132	113	0
1133	82	0
1134	101	0
1135	172	0
1136	149	0
1137	104	0
1138	96	0
1139	121	0
1140	177	0
1141	139	0
1142	84	0
1143	101	0
1144	128	0
1145	161	0
1146	117	0
1147	61	0
1148	101	0
1149	131	0
1150	140	0
1151	98	0
1152	53	0
1153	111	0
1154	144	0
1155	128	0
1156	94	0
1157	68	0
1158	133	0
1159	164	0
1160	122	0
1161	98	0
1162	92	0
1163	153	0
1164	174	0
1165	109	0
1166	95	0
1167	109	0
1168	154	0
1169	161	0
1170	85	0
1171	82	0
1172	118	0
1173	143	0
1174	137	0
1175	67	0
1176	74	0
1177	130	0
1178	136	0
1179	118	0
1180	65	0
1181	84	0
1182	153	0
1183	139	0
1184	110	0
1185	81	0
1186	107	0
1187	174	0
1188	143	0
1189	101	0
1190	97	0
1191	125	0
1192	178	0
1193	132	0
1194	82	0
1195	103	0
1196	131	0
1197	161	0
1198	109	0
1199	61	0
1200	104	0
1201	133	0
1202	139	0
1203	92	0
1204	54	0
1205	117	0
1206	145	0
1207	125	0
1208	91	0
1209	71	0
1210	141	0
1211	162	0
1212	119	0
1213	97	0
1214	95	0
1215	158	0
1216	170	0
1217	105	0
1218	95	0
1219	112	0
1220	157	0
1221	156	0
1222	82	0
1223	85	0
1224	121	0
1225	144	0
1226	132	0
1227	61	0
1228	79	0
1229	133	0
1230	136	0
1231	114	0
1232	62	0
1233	92	0
1234	156	0
1235	136	0
1236	108	0
1237	81	0
1238	114	0
1239	177	0
1240	138	0
1241	100	0
1242	98	0
1243	130	0
1244	179	0
1245	125	0
1246	82	0
1247	104	0
1248	133	0
1249	160	0
1250	101	0
1251	61	0
1252	109	0
1253	133	0
1254	137	0
1255	85	0
1256	56	0
1257	123	0
1258	144	0
1259	123	0
1260	87	0
1261	74	0
1262	147	0
1263	160	0
1264	116	0
1265	96	0
1266	98	0
1267	164	0
1268	165	0
1269	101	0
1270	96	0
1271	115	0
1272	161	0
1273	150	0
1274	77	0
1275	87	0
1276	122	0
1277	146	0
1278	126	0
1279	58	0
1280	85	0
1281	135	0
1282	134	0
1283	111	0
1284	61	0
1285	98	0
1286	157	0
1287	134	0
1288	106	0
1289	80	0
1290	122	0
1291	178	0
1292	133	0
1293	99	0
1294	99	0
1295	136	0
1296	178	0
1297	117	0
1298	82	0
1299	107	0
1300	137	0
1301	160	0
1302	95	0
1303	63	0
1304	113	0
1305	134	0
1306	135	0
1307	80	0
1308	61	0
1309	129	0
1310	144	0
1311	121	0
1312	84	0
1313	78	0
1314	153	0
1315	158	0
1316	113	0
1317	96	0
1318	102	0
1319	168	0
1320	161	0
1321	97	0
1322	97	0
1323	117	0
1324	163	0
1325	144	0
1326	73	0
1327	90	0
1328	125	0
1329	146	0
1330	120	0
1331	56	0
1332	90	0
1333	137	0
1334	133	0
1335	106	0
1336	60	0
1337	106	0
1338	159	0
1339	131	0
1340	103	0
1341	81	0
1342	129	0
1343	177	0
1344	128	0
1345	98	0
1346	100	0
1347	142	0
1348	177	0
1349	110	0
1350	82	0
1351	109	0
1352	139	0
1353	156	0
1354	88	0
1355	65	0
1356	117	0
1357	135	0
1358	132	0
1359	75	0
1360	64	0
1361	134	0
1362	142	0
1363	119	0
1364	81	0
1365	84	0
1366	158	0
1367	154	0
1368	112	0
1369	94	0
1370	107	0
1371	173	0
1372	155	0
1373	95	0
1374	98	0
1375	121	0
1376	165	0
1377	137	0
1378	70	0
1379	94	0
1380	126	0
1381	146	0
1382	114	0
1383	53	0
1384	96	0
1385	138	0
1386	132	0
1387	101	0
1388	60	0
1389	113	0
1390	160	0
1391	128	0
1392	101	0
1393	82	0
1394	136	0
1395	176	0
1396	123	0
1397	98	0
1398	102	0
1399	146	0
1400	173	0
1401	105	0
1402	83	0
1403	112	0
1404	142	0
1405	153	0
1406	81	0
1407	68	0
1408	120	0
1409	136	0
1410	129	0
1411	71	0
1412	69	0
1413	138	0
1414	141	0
1415	117	0
1416	78	0
1417	89	0
1418	164	0
1419	151	0
1420	109	0
1421	93	0
1422	112	0
1423	176	0
1424	149	0
1425	92	0
1426	100	0
1427	124	0
1428	166	0
1429	130	0
1430	68	0
1431	97	0
1432	128	0
1433	146	0
1434	108	0
1435	53	0
1436	101	0
1437	139	0
1438	131	0
1439	97	0
1440	61	0
1441	120	0
1442	160	0
1443	126	0
1444	99	0
1445	83	0
1446	142	0
1447	175	0
1448	118	0
1449	97	0
1450	104	0
1451	152	0
1452	170	0
1453	98	0
1454	84	0
1455	114	0
1456	145	0
1457	148	0
1458	75	0
1459	72	0
1460	123	0
1461	137	0
1462	125	0
1463	66	0
1464	75	0
1465	143	0
1466	139	0
1467	114	0
1468	76	0
1469	95	0
1470	167	0
1471	146	0
1472	106	0
1473	93	0
1474	117	0
1475	178	0
1476	143	0
1477	90	0
1478	101	0
1479	128	0
1480	168	0
1481	123	0
1482	67	0
1483	101	0
1484	130	0
1485	146	0
1486	101	0
1487	53	0
1488	108	0
1489	141	0
1490	129	0
1491	93	0
1492	62	0
1493	128	0
1494	160	0
1495	123	0
1496	97	0
1497	86	0
1498	149	0
1499	173	0
1500	114	0
1501	97	0
1502	106	0
1503	157	0
1504	165	0
1505	93	0
1506	86	0
1507	117	0
1508	147	0
1509	143	0
1510	70	0
1511	75	0
1512	125	0
1513	136	0
1514	122	0
1515	63	0
1516	81	0
1517	146	0
1518	137	0
1519	112	0
1520	76	0
1521	102	0
1522	170	0
1523	143	0
1524	105	0
1525	93	0
1526	123	0
1527	180	0
1528	136	0
1529	88	0
1530	103	0
1531	131	0
1532	168	0
1533	115	0
1534	66	0
1535	105	0
1536	132	0
1537	144	0
1538	94	0
1539	54	0
1540	113	0
1541	140	0
1542	128	0
1543	89	0
1544	65	0
1545	134	0
1546	158	0
1547	121	0
1548	95	0
1549	89	0
1550	156	0
1551	168	0
1552	109	0
1553	97	0
1554	109	0
1555	160	0
1556	160	0
1557	88	0
1558	88	0
1559	119	0
1560	149	0
1561	137	0
1562	65	0
1563	80	0
1564	128	0
1565	137	0
1566	117	0
1567	59	0
1568	87	0
1569	149	0
1570	135	0
1571	109	0
1572	74	0
1573	109	0
1574	173	0
1575	138	0
1576	103	0
1577	94	0
1578	129	0
1579	181	0
1580	129	0
1581	88	0
1582	105	0
1583	134	0
1584	166	0
1585	107	0
1586	66	0
1587	108	0
1588	133	0
1589	142	0
1590	88	0
1591	56	0
1592	119	0
1593	140	0
1594	126	0
1595	85	0
1596	68	0
1597	141	0
1598	156	0
1599	118	0
1600	93	0
1601	93	0
1602	162	0
1603	165	0
1604	107	0
1605	97	0
1606	112	0
1607	164	0
1608	156	0
1609	83	0
1610	90	0
1611	121	0
1612	150	0
1613	132	0
1614	61	0
1615	85	0
1616	130	0
1617	136	0
1618	112	0
1619	57	0
1620	94	0
1621	151	0
1622	133	0
1623	106	0
1624	73	0
1625	117	0
1626	173	0
1627	133	0
1628	102	0
1629	94	0
1630	134	0
1631	181	0
1632	123	0
1633	87	0
1634	106	0
1635	138	0
1636	165	0
1637	99	0
1638	68	0
1639	111	0
1640	135	0
1641	140	0
1642	82	0
1643	59	0
1644	124	0
1645	140	0
1646	124	0
1647	81	0
1648	72	0
1649	147	0
1650	154	0
1651	116	0
1652	92	0
1653	97	0
1654	167	0
1655	161	0
1656	103	0
1657	97	0
1658	115	0
1659	167	0
1660	149	0
1661	81	0
1662	93	0
1663	123	0
1664	151	0
1665	125	0
1666	58	0
1667	89	0
1668	132	0
1669	136	0
1670	108	0
1671	56	0
1672	101	0
1673	153	0
1674	131	0
1675	103	0
1676	74	0
1677	124	0
1678	174	0
1679	129	0
1680	101	0
1681	96	0
1682	141	0
1683	179	0
1684	116	0
1685	87	0
1686	108	0
1687	142	0
1688	161	0
1689	93	0
1690	69	0
1691	114	0
1692	136	0
1693	137	0
1694	76	0
1695	62	0
1696	129	0
1697	140	0
1698	121	0
1699	78	0
1700	78	0
1701	152	0
1702	151	0
1703	113	0
1704	91	0
1705	101	0
1706	172	0
1707	156	0
1708	100	0
1709	98	0
1710	119	0
1711	170	0
1712	143	0
1713	77	0
1714	95	0
1715	125	0
1716	152	0
1717	118	0
1718	56	0
1719	95	0
1720	133	0
1721	135	0
1722	103	0
1723	56	0
1724	108	0
1725	153	0
1726	129	0
1727	100	0
1728	75	0
1729	131	0
1730	173	0
1731	125	0
1732	100	0
1733	97	0
1734	147	0
1735	177	0
1736	109	0
1737	88	0
1738	109	0
1739	144	0
1740	159	0
1741	86	0
1742	71	0
1743	117	0
1744	137	0
1745	134	0
1746	70	0
1747	67	0
1748	133	0
1749	138	0
1750	119	0
1751	74	0
1752	83	0
1753	157	0
1754	148	0
1755	111	0
1756	90	0
1757	107	0
1758	175	0
1759	149	0
1760	98	0
1761	99	0
1762	123	0
1763	172	0
1764	135	0
1765	74	0
1766	98	0
1767	128	0
1768	152	0
1769	112	0
1770	55	0
1771	99	0
1772	135	0
1773	133	0
1774	98	0
1775	56	0
1776	115	0
1777	153	0
1778	127	0
1779	98	0
1780	77	0
1781	139	0
1782	172	0
1783	121	0
1784	99	0
1785	100	0
1786	152	0
1787	174	0
1788	105	0
1789	88	0
1790	113	0
1791	148	0
1792	154	0
1793	80	0
1794	74	0
1795	120	0
1796	137	0
1797	130	0
1798	66	0
1799	73	0
1800	136	0
1801	136	0
1802	116	0
1803	72	0
1804	90	0
1805	161	0
1806	145	0
1807	109	0
1808	89	0
1809	113	0
1810	178	0
1811	145	0
1812	96	0
1813	100	0
1814	126	0
1815	172	0
1816	128	0
1817	73	0
1818	101	0
1819	130	0
1820	152	0
1821	105	0
1822	55	0
1823	105	0
1824	136	0
1825	132	0
1826	93	0
1827	57	0
1828	122	0
1829	153	0
1830	124	0
1831	95	0
1832	80	0
1833	145	0
1834	170	0
1835	117	0
1836	97	0
1837	102	0
1838	157	0
1839	169	0
1840	99	0
1841	90	0
1842	114	0
1843	150	0
1844	149	0
1845	74	0
1846	78	0
1847	122	0
1848	138	0
1849	126	0
1850	61	0
1851	78	0
1852	140	0
1853	136	0
1854	113	0
1855	69	0
1856	97	0
1857	165	0
1858	141	0
1859	107	0
1860	89	0
1861	119	0
1862	180	0
1863	138	0
1864	93	0
1865	101	0
1866	131	0
1867	173	0
1868	120	0
1869	72	0
1870	104	0
1871	132	0
1872	150	0
1873	97	0
1874	57	0
1875	110	0
1876	136	0
1877	130	0
1878	88	0
1879	60	0
1880	129	0
1881	152	0
1882	122	0
1883	93	0
1884	82	0
1885	152	0
1886	167	0
1887	113	0
1888	97	0
1889	105	0
1890	162	0
1891	165	0
1892	95	0
1893	91	0
1894	117	0
1895	153	0
1896	144	0
1897	69	0
1898	81	0
1899	125	0
1900	139	0
1901	121	0
1902	58	0
1903	85	0
1904	143	0
1905	134	0
1906	109	0
1907	69	0
1908	103	0
1909	167	0
1910	137	0
1911	104	0
1912	88	0
1913	125	0
1914	181	0
1915	132	0
1916	93	0
1917	102	0
1918	134	0
1919	172	0
1920	112	0
1921	72	0
1922	107	0
1923	133	0
1924	149	0
1925	90	0
1926	57	0
1927	115	0
1928	137	0
1929	129	0
1930	83	0
1931	64	0
1932	136	0
1933	152	0
1934	120	0
1935	91	0
1936	87	0
1937	158	0
1938	164	0
1939	109	0
1940	97	0
1941	108	0
1942	166	0
1943	159	0
1944	90	0
1945	93	0
1946	119	0
1947	155	0
1948	137	0
1949	65	0
1950	85	0
1951	127	0
1952	139	0
1953	116	0
1954	56	0
1955	91	0
1956	145	0
1957	133	0
1958	106	0
1959	68	0
1960	111	0
1961	169	0
1962	133	0
1963	104	0
1964	89	0
1965	132	0
1966	181	0
1967	126	0
1968	93	0
1969	104	0
1970	139	0
1971	170	0
1972	105	0
1973	73	0
1974	109	0
1975	136	0
1976	146	0
1977	84	0
1978	60	0
1979	119	0
1980	136	0
1981	127	0
1982	79	0
1983	68	0
1984	141	0
1985	149	0
1986	117	0
1987	89	0
1988	91	0
1989	163	0
1990	160	0
1991	108	0
1992	97	0
1993	112	0
1994	170	0
1995	153	0
1996	87	0
1997	95	0
1998	122	0
1999	157	0
2000	131	0
2001	62	0
2002	90	0
2003	128	0
2004	139	0
2005	110	0
2006	54	0
2007	97	0
2008	146	0
2009	131	0
2010	103	0
2011	68	0
2012	118	0
2013	169	0
2014	129	0
2015	102	0
2016	91	0
2017	138	0
2018	179	0
2019	121	0
2020	92	0
2021	106	0
2022	144	0
2023	168	0
2024	98	0
2025	74	0
2026	113	0
2027	137	0
2028	144	0
2029	78	0
2030	63	0
2031	124	0
2032	137	0
2033	124	0
2034	74	0
2035	73	0
2036	146	0
2037	147	0
2038	114	0
2039	86	0
2040	97	0
2041	169	0
2042	155	0
2043	105	0
2044	98	0
2045	116	0
2046	173	0
2047	147	0
2048	84	0
2049	97	0
2050	125	0
2051	157	0
2052	125	0
2053	61	0
2054	94	0
2055	130	0
2056	138	0
2057	105	0
2058	53	0
2059	104	0
2060	147	0
2061	129	0
2062	99	0
2063	69	0
2064	126	0
2065	169	0
2066	126	0
2067	101	0
2068	93	0
2069	145	0
2070	178	0
2071	115	0
2072	92	0
2073	108	0
2074	147	0
2075	164	0
2076	92	0
2077	76	0
2078	116	0
2079	139	0
2080	140	0
2081	72	0
2082	68	0
2083	128	0
2084	136	0
2085	121	0
2086	71	0
2087	79	0
2088	151	0
2089	144	0
2090	113	0
2091	85	0
2092	101	0
2093	172	0
2094	150	0
2095	102	0
2096	98	0
2097	120	0
2098	175	0
2099	139	0
2100	81	0
2101	99	0
2102	126	0
2103	157	0
2104	117	0
2105	59	0
2106	99	0
2107	132	0
2108	137	0
2109	99	0
2110	53	0
2111	110	0
2112	148	0
2113	128	0
2114	96	0
2115	71	0
2116	133	0
2117	168	0
2118	123	0
2119	99	0
2120	94	0
2121	151	0
2122	176	0
2123	109	0
2124	93	0
2125	109	0
2126	150	0
2127	160	0
2128	86	0
2129	78	0
2130	117	0
2131	140	0
2132	136	0
2133	67	0
2134	72	0
2135	131	0
2136	136	0
2137	117	0
2138	67	0
2139	84	0
2140	156	0
2141	142	0
2142	110	0
2143	85	0
2144	108	0
2145	176	0
2146	145	0
2147	101	0
2148	98	0
2149	125	0
2150	176	0
2151	133	0
2152	80	0
2153	102	0
2154	129	0
2155	157	0
2156	109	0
2157	58	0
2158	103	0
2159	133	0
2160	136	0
2161	93	0
2162	54	0
2163	117	0
2164	148	0
2165	125	0
2166	93	0
2167	73	0
2168	141	0
2169	167	0
2170	119	0
2171	98	0
2172	97	0
2173	157	0
2174	172	0
2175	104	0
2176	93	0
2177	112	0
2178	154	0
2179	155	0
2180	80	0
2181	81	0
2182	120	0
2183	141	0
2184	130	0
2185	63	0
2186	77	0
2187	134	0
2188	135	0
2189	114	0
2190	65	0
2191	91	0
2192	158	0
2193	139	0
2194	108	0
2195	84	0
2196	114	0
2197	178	0
2198	139	0
2199	98	0
2200	99	0
2201	129	0
2202	177	0
2203	126	0
2204	79	0
2205	104	0
2206	132	0
2207	157	0
2208	102	0
2209	59	0
2210	108	0
2211	134	0
2212	135	0
2213	88	0
2214	57	0
2215	124	0
2216	147	0
2217	123	0
2218	90	0
2219	76	0
2220	148	0
2221	165	0
2222	116	0
2223	97	0
2224	101	0
2225	162	0
2226	167	0
2227	99	0
2228	94	0
2229	115	0
2230	157	0
2231	149	0
2232	75	0
2233	84	0
2234	122	0
2235	142	0
2236	125	0
2237	59	0
2238	82	0
2239	137	0
2240	134	0
2241	110	0
2242	64	0
2243	98	0
2244	161	0
2245	136	0
2246	106	0
2247	84	0
2248	122	0
2249	179	0
2250	134	0
2251	97	0
2252	101	0
2253	135	0
2254	177	0
2255	117	0
2256	77	0
2257	106	0
2258	135	0
2259	155	0
2260	95	0
2261	60	0
2262	112	0
2263	134	0
2264	133	0
2265	83	0
2266	60	0
2267	130	0
2268	147	0
2269	121	0
2270	87	0
2271	81	0
2272	154	0
2273	161	0
2274	113	0
2275	96	0
2276	103	0
2277	168	0
2278	161	0
2279	96	0
2280	96	0
2281	117	0
2282	161	0
2283	143	0
2284	71	0
2285	87	0
2286	125	0
2287	143	0
2288	120	0
2289	56	0
2290	89	0
2291	139	0
2292	133	0
2293	108	0
2294	62	0
2295	106	0
2296	162	0
2297	133	0
2298	105	0
2299	83	0
2300	129	0
2301	180	0
2302	129	0
2303	96	0
2304	101	0
2305	139	0
2306	175	0
2307	111	0
2308	79	0
2309	109	0
2310	137	0
2311	152	0
2312	88	0
2313	62	0
2314	117	0
2315	135	0
2316	131	0
2317	77	0
2318	64	0
2319	135	0
2320	145	0
2321	119	0
2322	85	0
2323	85	0
2324	159	0
2325	157	0
2326	111	0
2327	96	0
2328	108	0
2329	171	0
2330	156	0
2331	93	0
2332	97	0
2333	121	0
2334	162	0
2335	136	0
2336	68	0
2337	91	0
2338	126	0
2339	144	0
2340	114	0
2341	54	0
2342	94	0
2343	141	0
2344	132	0
2345	104	0
2346	62	0
2347	113	0
2348	163	0
2349	130	0
2350	103	0
2351	85	0
2352	135	0
2353	179	0
2354	124	0
2355	96	0
2356	103	0
2357	145	0
2358	172	0
2359	104	0
2360	80	0
2361	111	0
2362	139	0
2363	149	0
2364	81	0
2365	65	0
2366	120	0
2367	136	0
2368	128	0
2369	73	0
2370	69	0
2371	140	0
2372	143	0
2373	117	0
2374	82	0
2375	90	0
2376	165	0
2377	153	0
2378	108	0
2379	96	0
2380	112	0
2381	175	0
2382	150	0
2383	90	0
2384	98	0
2385	124	0
2386	163	0
2387	129	0
2388	65	0
2389	95	0
2390	129	0
2391	143	0
2392	108	0
2393	53	0
2394	100	0
2395	142	0
2396	130	0
2397	99	0
2398	63	0
2399	120	0
2400	164	0
2401	128	0
2402	101	0
2403	86	0
2404	142	0
2405	177	0
2406	119	0
2407	96	0
2408	105	0
2409	149	0
2410	169	0
2411	98	0
2412	81	0
2413	114	0
2414	141	0
2415	146	0
2416	75	0
2417	69	0
2418	124	0
2419	136	0
2420	125	0
2421	69	0
2422	74	0
2423	145	0
2424	141	0
2425	115	0
2426	81	0
2427	96	0
2428	169	0
2429	149	0
2430	106	0
2431	95	0
2432	117	0
2433	177	0
2434	143	0
2435	88	0
2436	101	0
2437	126	0
2438	164	0
2439	122	0
2440	64	0
2441	98	0
2442	131	0
2443	143	0
2444	101	0
2445	53	0
2446	106	0
2447	143	0
2448	128	0
2449	95	0
2450	64	0
2451	128	0
2452	163	0
2453	124	0
2454	99	0
2455	89	0
2456	149	0
2457	175	0
2458	113	0
2459	95	0
2460	107	0
2461	154	0
2462	165	0
2463	92	0
2464	83	0
2465	116	0
2466	144	0
2467	141	0
2468	69	0
2469	72	0
2470	127	0
2471	136	0
2472	121	0
2473	65	0
2474	80	0
2475	149	0
2476	140	0
2477	112	0
2478	79	0
2479	102	0
2480	172	0
2481	145	0
2482	103	0
2483	95	0
2484	122	0
2485	179	0
2486	137	0
2487	86	0
2488	102	0
2489	129	0
2490	164	0
2491	115	0
2492	63	0
2493	102	0
2494	132	0
2495	141	0
2496	95	0
2497	53	0
2498	112	0
2499	143	0
2500	129	0
2501	92	0
2502	66	0
2503	135	0
2504	161	0
2505	121	0
2506	97	0
2507	92	0
2508	156	0
2509	171	0
2510	109	0
2511	96	0
2512	109	0
2513	157	0
2514	161	0
2515	86	0
2516	85	0
2517	118	0
2518	145	0
2519	137	0
2520	64	0
2521	77	0
2522	129	0
2523	136	0
2524	117	0
2525	61	0
2526	86	0
2527	152	0
2528	137	0
2529	109	0
2530	78	0
2531	109	0
2532	174	0
2533	140	0
2534	102	0
2535	96	0
2536	128	0
2537	180	0
2538	129	0
2539	85	0
2540	104	0
2541	133	0
2542	163	0
2543	107	0
2544	63	0
2545	107	0
2546	133	0
2547	140	0
2548	89	0
2549	55	0
2550	119	0
2551	143	0
2552	125	0
2553	88	0
2554	70	0
2555	142	0
2556	160	0
2557	118	0
2558	96	0
2559	94	0
2560	161	0
2561	167	0
2562	105	0
2563	97	0
2564	113	0
2565	161	0
2566	155	0
2567	82	0
2568	87	0
2569	121	0
2570	147	0
2571	131	0
2572	61	0
2573	82	0
2574	132	0
2575	136	0
2576	113	0
2577	60	0
2578	93	0
2579	154	0
2580	135	0
2581	107	0
2582	78	0
2583	117	0
2584	176	0
2585	136	0
2586	101	0
2587	97	0
2588	133	0
2589	179	0
2590	123	0
2591	84	0
2592	106	0
2593	136	0
2594	162	0
2595	100	0
2596	64	0
2597	110	0
2598	134	0
2599	138	0
2600	83	0
2601	58	0
2602	125	0
2603	142	0
2604	124	0
2605	84	0
2606	74	0
2607	148	0
2608	157	0
2609	115	0
2610	94	0
2611	99	0
2612	166	0
2613	162	0
2614	101	0
2615	96	0
2616	115	0
2617	164	0
2618	149	0
2619	77	0
2620	90	0
2621	123	0
2622	148	0
2623	125	0
2624	57	0
2625	88	0
2626	134	0
2627	134	0
2628	109	0
2629	58	0
2630	101	0
2631	156	0
2632	132	0
2633	104	0
2634	78	0
2635	124	0
2636	176	0
2637	130	0
2638	100	0
2639	98	0
2640	139	0
2641	178	0
2642	117	0
2643	85	0
2644	108	0
2645	139	0
2646	159	0
2647	93	0
2648	65	0
2649	114	0
2650	135	0
2651	136	0
2652	77	0
2653	61	0
2654	129	0
2655	141	0
2656	121	0
2657	81	0
2658	79	0
2659	154	0
2660	154	0
2661	113	0
2662	93	0
2663	103	0
2664	170	0
2665	157	0
2666	98	0
2667	98	0
2668	119	0
2669	166	0
2670	142	0
2671	74	0
2672	93	0
2673	125	0
2674	149	0
2675	118	0
2676	55	0
2677	93	0
2678	136	0
2679	133	0
2680	104	0
2681	58	0
2682	108	0
2683	157	0
2684	130	0
2685	102	0
2686	79	0
2687	132	0
2688	176	0
2689	125	0
2690	99	0
2691	99	0
2692	145	0
2693	176	0
2694	109	0
2695	85	0
2696	110	0
2697	141	0
2698	156	0
2699	86	0
2700	68	0
2701	117	0
2702	136	0
2703	133	0
2704	73	0
2705	66	0
2706	134	0
2707	141	0
2708	119	0
2709	78	0
2710	85	0
2711	159	0
2712	151	0
2713	110	0
2714	92	0
2715	108	0
2716	174	0
2717	152	0
2718	96	0
2719	99	0
2720	122	0
2721	169	0
2722	135	0
2723	71	0
2724	97	0
2725	127	0
2726	148	0
2727	112	0
2728	54	0
2729	99	0
2730	137	0
2731	132	0
2732	100	0
2733	58	0
2734	115	0
2735	157	0
2736	127	0
2737	100	0
2738	81	0
2739	138	0
2740	175	0
2741	121	0
2742	98	0
2743	101	0
2744	149	0
2745	173	0
2746	103	0
2747	85	0
2748	112	0
2749	144	0
2750	153	0
2751	79	0
2752	71	0
2753	120	0
2754	136	0
2755	129	0
2756	67	0
2757	71	0
2758	139	0
2759	139	0
2760	116	0
2761	76	0
2762	90	0
2763	163	0
2764	147	0
2765	108	0
2766	91	0
2767	113	0
2768	177	0
2769	146	0
2770	93	0
2771	100	0
2772	125	0
2773	169	0
2774	128	0
2775	69	0
2776	99	0
2777	129	0
2778	149	0
2779	105	0
2780	53	0
2781	104	0
2782	137	0
2783	131	0
2784	95	0
2785	60	0
2786	122	0
2787	157	0
2788	125	0
2789	97	0
2790	82	0
2791	146	0
2792	173	0
2793	117	0
2794	97	0
2795	104	0
2796	155	0
2797	170	0
2798	98	0
2799	87	0
2800	115	0
2801	148	0
2802	148	0
2803	74	0
2804	74	0
2805	123	0
2806	137	0
2807	125	0
2808	64	0
2809	77	0
2810	142	0
2811	137	0
2812	113	0
2813	73	0
2814	97	0
2815	167	0
2816	144	0
2817	106	0
2818	92	0
2819	119	0
2820	180	0
2821	139	0
2822	91	0
2823	101	0
2824	129	0
2825	169	0
2826	120	0
2827	69	0
2828	103	0
2829	130	0
2830	146	0
2831	98	0
2832	54	0
2833	109	0
2834	138	0
2835	129	0
2836	90	0
2837	61	0
2838	129	0
2839	156	0
2840	122	0
2841	95	0
2842	85	0
2843	152	0
2844	170	0
2845	113	0
2846	97	0
2847	106	0
2848	159	0
2849	165	0
2850	93	0
2851	89	0
2852	117	0
2853	149	0
2854	143	0
2855	69	0
2856	79	0
2857	126	0
2858	137	0
2859	120	0
2860	60	0
2861	84	0
2862	145	0
2863	136	0
2864	110	0
2865	72	0
2866	104	0
2867	169	0
2868	139	0
2869	105	0
2870	92	0
2871	125	0
2872	180	0
2873	133	0
2874	90	0
2875	103	0
2876	133	0
2877	169	0
2878	112	0
2879	68	0
2880	106	0
2881	132	0
2882	146	0
2883	92	0
2884	56	0
2885	114	0
2886	139	0
2887	128	0
2888	85	0
2889	65	0
2890	136	0
2891	155	0
2892	119	0
2893	93	0
2894	89	0
2895	158	0
2896	167	0
2897	109	0
2898	97	0
2899	109	0
2900	163	0
2901	160	0
2902	88	0
2903	91	0
2904	119	0
2905	151	0
2906	136	0
2907	65	0
2908	83	0
2909	128	0
2910	137	0
2911	116	0
2912	57	0
2913	90	0
2914	148	0
2915	134	0
2916	107	0
2917	71	0
2918	111	0
2919	171	0
2920	136	0
2921	104	0
2922	93	0
2923	131	0
2924	181	0
2925	127	0
2926	89	0
2927	105	0
2928	137	0
2929	168	0
2930	105	0
2931	69	0
2932	109	0
2933	134	0
2934	144	0
2935	85	0
2936	58	0
2937	121	0
2938	138	0
2939	125	0
2940	81	0
2941	69	0
2942	143	0
2943	153	0
2944	117	0
2945	92	0
2946	93	0
2947	164	0
2948	162	0
2949	106	0
2950	97	0
2951	112	0
2952	167	0
2953	153	0
2954	84	0
2955	93	0
2956	122	0
2957	153	0
2958	130	0
2959	61	0
2960	87	0
2961	130	0
2962	137	0
2963	111	0
2964	55	0
2965	97	0
2966	149	0
2967	132	0
2968	104	0
2969	71	0
2970	119	0
2971	172	0
2972	131	0
2973	101	0
2974	93	0
2975	137	0
2976	181	0
2977	120	0
2978	90	0
2979	107	0
2980	141	0
2981	165	0
2982	98	0
2983	70	0
2984	112	0
2985	136	0
2986	141	0
2987	79	0
2988	61	0
2989	124	0
2990	138	0
2991	124	0
2992	77	0
2993	73	0
2994	148	0
2995	150	0
2996	116	0
2997	89	0
2998	97	0
2999	168	0
3000	158	0
3001	104	0
3002	98	0
3003	116	0
3004	170	0
3005	147	0
3006	80	0
3007	96	0
3008	124	0
3009	153	0
3010	124	0
3011	58	0
3012	92	0
3013	132	0
3014	137	0
3015	106	0
3016	55	0
3017	104	0
3018	151	0
3019	129	0
3020	101	0
3021	72	0
3022	126	0
3023	172	0
3024	127	0
3025	100	0
3026	95	0
3027	144	0
3028	178	0
3029	114	0
3030	90	0
3031	109	0
3032	144	0
3033	162	0
3034	91	0
3035	73	0
3036	115	0
3037	137	0
3038	138	0
3039	73	0
3040	65	0
3041	129	0
3042	138	0
3043	120	0
3044	74	0
3045	79	0
3046	152	0
3047	147	0
3048	113	0
3049	89	0
3050	103	0
3051	173	0
3052	153	0
3053	100	0
3054	98	0
3055	120	0
3056	172	0
3057	140	0
3058	78	0
3059	97	0
3060	126	0
3061	154	0
3062	117	0
3063	57	0
3064	97	0
3065	133	0
3066	136	0
3067	101	0
3068	55	0
3069	110	0
3070	150	0
3071	128	0
3072	98	0
3073	73	0
3074	133	0
3075	172	0
3076	123	0
3077	100	0
3078	97	0
3079	149	0
3080	176	0
3081	109	0
3082	91	0
3083	110	0
3084	148	0
3085	159	0
3086	85	0
3087	75	0
3088	118	0
3089	138	0
3090	133	0
3091	69	0
3092	69	0
3093	133	0
3094	137	0
3095	117	0
3096	71	0
3097	85	0
3098	157	0
3099	145	0
3100	110	0
3101	87	0
3102	109	0
3103	176	0
3104	147	0
3105	98	0
3106	99	0
3107	124	0
3108	173	0
3109	133	0
3110	76	0
3111	101	0
3112	129	0
3113	154	0
3114	109	0
3115	56	0
3116	102	0
3117	134	0
3118	135	0
3119	95	0
3120	55	0
3121	117	0
3122	151	0
3123	125	0
3124	95	0
3125	76	0
3126	140	0
3127	169	0
3128	120	0
3129	98	0
3130	99	0
3131	155	0
3132	172	0
3133	103	0
3134	92	0
3135	113	0
3136	151	0
3137	154	0
3138	79	0
3139	78	0
3140	121	0
3141	139	0
3142	129	0
3143	64	0
3144	74	0
3145	136	0
3146	136	0
3147	115	0
3148	69	0
3149	92	0
3150	161	0
3151	141	0
3152	109	0
3153	86	0
3154	115	0
3155	178	0
3156	141	0
3157	97	0
3158	100	0
3159	129	0
3160	174	0
3161	125	0
3162	75	0
3163	103	0
3164	131	0
3165	153	0
3166	103	0
3167	56	0
3168	107	0
3169	135	0
3170	133	0
3171	91	0
3172	58	0
3173	125	0
3174	150	0
3175	124	0
3176	93	0
3177	79	0
3178	148	0
3179	168	0
3180	116	0
3181	98	0
3182	101	0
3183	160	0
3184	168	0
3185	98	0
3186	92	0
3187	115	0
3188	154	0
3189	149	0
3190	74	0
3191	81	0
3192	123	0
3193	140	0
3194	125	0
3195	60	0
3196	81	0
3197	139	0
3198	135	0
3199	111	0
3200	67	0
3201	98	0
3202	164	0
3203	138	0
3204	106	0
3205	86	0
3206	121	0
3207	180	0
3208	136	0
3209	95	0
3210	101	0
3211	133	0
3212	174	0
3213	117	0
3214	74	0
3215	106	0
3216	133	0
3217	152	0
3218	95	0
3219	57	0
3220	112	0
3221	136	0
3222	131	0
3223	85	0
3224	61	0
3225	130	0
3226	150	0
3227	120	0
3228	90	0
3229	82	0
3230	154	0
3231	164	0
3232	113	0
3233	96	0
3234	105	0
3235	165	0
3236	163	0
3237	94	0
3238	93	0
3239	117	0
3240	157	0
3241	143	0
3242	69	0
3243	85	0
3244	125	0
3245	140	0
3246	120	0
3247	57	0
3248	87	0
3249	141	0
3250	133	0
3251	108	0
3252	66	0
3253	105	0
3254	165	0
3255	134	0
3256	104	0
3257	87	0
3258	128	0
3259	180	0
3260	130	0
3261	94	0
3262	103	0
3263	137	0
3264	173	0
3265	110	0
3266	74	0
3267	109	0
3268	135	0
3269	150	0
3270	89	0
3271	59	0
3272	116	0
3273	136	0
3274	129	0
3275	80	0
3276	64	0
3277	137	0
3278	148	0
3279	119	0
3280	88	0
3281	86	0
3282	160	0
3283	161	0
3284	109	0
3285	97	0
3286	109	0
3287	169	0
3288	157	0
3289	90	0
3290	95	0
3291	120	0
3292	158	0
3293	137	0
3294	66	0
3295	89	0
3296	127	0
3297	141	0
3298	114	0
3299	55	0
3300	94	0
3301	143	0
3302	132	0
3303	104	0
3304	65	0
3305	113	0
3306	166	0
3307	131	0
3308	103	0
3309	87	0
3310	134	0
3311	179	0
3312	124	0
3313	93	0
3314	104	0
3315	142	0
3316	171	0
3317	103	0
3318	76	0
3319	111	0
3320	137	0
3321	147	0
3322	81	0
3323	62	0
3324	121	0
3325	137	0
3326	126	0
3327	76	0
3328	69	0
3329	142	0
3330	146	0
3331	117	0
3332	86	0
3333	92	0
3334	165	0
3335	157	0
3336	107	0
3337	96	0
3338	113	0
3339	173	0
3340	151	0
3341	86	0
3342	97	0
3343	123	0
3344	160	0
3345	128	0
3346	64	0
3347	93	0
3348	128	0
3349	141	0
3350	109	0
3351	53	0
3352	100	0
3353	145	0
3354	130	0
3355	101	0
3356	66	0
3357	121	0
3358	167	0
3359	128	0
3360	101	0
3361	89	0
3362	141	0
3363	179	0
3364	118	0
3365	94	0
3366	106	0
3367	146	0
3368	168	0
3369	96	0
3370	77	0
3371	113	0
3372	139	0
3373	144	0
3374	76	0
3375	65	0
3376	125	0
3377	136	0
3378	124	0
3379	71	0
3380	74	0
3381	147	0
3382	145	0
3383	114	0
3384	84	0
3385	97	0
3386	170	0
3387	152	0
3388	105	0
3389	97	0
3390	117	0
3391	175	0
3392	144	0
3393	85	0
3394	99	0
3395	125	0
3396	160	0
3397	122	0
3398	61	0
3399	97	0
3400	131	0
3401	140	0
3402	103	0
3403	53	0
3404	106	0
3405	145	0
3406	129	0
3407	97	0
3408	67	0
3409	128	0
3410	166	0
3411	125	0
3412	100	0
3413	91	0
3414	147	0
3415	176	0
3416	113	0
3417	94	0
3418	108	0
3419	150	0
3420	164	0
3421	91	0
3422	79	0
3423	117	0
3424	141	0
3425	139	0
3426	69	0
3427	70	0
3428	128	0
3429	136	0
3430	120	0
3431	68	0
3432	80	0
3433	151	0
3434	142	0
3435	112	0
3436	83	0
3437	103	0
3438	173	0
3439	147	0
3440	102	0
3441	97	0
3442	122	0
3443	177	0
3444	137	0
3445	82	0
3446	101	0
3447	129	0
3448	160	0
3449	114	0
3450	61	0
3451	101	0
3452	133	0
3453	139	0
3454	97	0
3455	53	0
3456	113	0
3457	146	0
3458	128	0
3459	94	0
3460	69	0
3461	136	0
3462	165	0
3463	121	0
3464	98	0
3465	93	0
3466	154	0
3467	173	0
3468	108	0
3469	94	0
3470	110	0
3471	154	0
3472	160	0
3473	85	0
3474	81	0
3475	119	0
3476	142	0
3477	135	0
3478	65	0
3479	74	0
3480	131	0
3481	136	0
3482	117	0
3483	65	0
3484	86	0
3485	155	0
3486	139	0
3487	110	0
3488	81	0
3489	109	0
3490	176	0
3491	142	0
3492	101	0
3493	97	0
3494	127	0
3495	177	0
3496	130	0
3497	81	0
3498	103	0
3499	131	0
3500	161	0
3501	107	0
3502	60	0
3503	106	0
3504	133	0
3505	137	0
3506	91	0
3507	55	0
3508	119	0
3509	146	0
3510	125	0
3511	90	0
3512	72	0
3513	143	0
3514	162	0
3515	118	0
3516	97	0
3517	96	0
3518	159	0
3519	169	0
3520	104	0
3521	95	0
3522	112	0
3523	157	0
3524	154	0
3525	80	0
3526	84	0
3527	121	0
3528	145	0
3529	130	0
3530	61	0
3531	80	0
3532	133	0
3533	135	0
3534	113	0
3535	62	0
3536	93	0
3537	157	0
3538	136	0
3539	108	0
3540	80	0
3541	117	0
3542	177	0
3543	136	0
3544	100	0
3545	99	0
3546	132	0
3547	178	0
3548	123	0
3549	80	0
3550	105	0
3551	134	0
3552	158	0
3553	100	0
3554	61	0
3555	109	0
3556	133	0
3557	136	0
3558	85	0
3559	58	0
3560	125	0
3561	145	0
3562	123	0
3563	88	0
3564	76	0
3565	149	0
3566	161	0
3567	115	0
3568	96	0
3569	101	0
3570	165	0
3571	165	0
3572	100	0
3573	96	0
3574	116	0
3575	161	0
3576	149	0
3577	75	0
3578	87	0
3579	123	0
3580	145	0
3581	125	0
3582	57	0
3583	86	0
3584	136	0
3585	134	0
3586	109	0
3587	61	0
3588	101	0
3589	159	0
3590	133	0
3591	105	0
3592	81	0
3593	124	0
3594	178	0
3595	132	0
3596	98	0
3597	99	0
3598	137	0
3599	177	0
3600	116	0
3601	81	0
3602	108	0
3603	137	0
3604	157	0
3605	93	0
3606	63	0
3607	114	0
3608	135	0
3609	133	0
3610	80	0
3611	61	0
3612	130	0
3613	144	0
3614	120	0
3615	84	0
3616	81	0
3617	155	0
3618	157	0
3619	113	0
3620	96	0
3621	105	0
3622	169	0
3623	159	0
3624	96	0
3625	97	0
3626	118	0
3627	163	0
3628	143	0
3629	72	0
3630	91	0
3631	125	0
3632	145	0
3633	118	0
3634	55	0
3635	91	0
3636	138	0
3637	133	0
3638	105	0
3639	60	0
3640	108	0
3641	160	0
3642	131	0
3643	103	0
3644	82	0
3645	131	0
3646	178	0
3647	127	0
3648	98	0
3649	101	0
3650	142	0
3651	175	0
3652	109	0
3653	81	0
3654	109	0
3655	139	0
3656	153	0
3657	86	0
3658	65	0
3659	117	0
3660	136	0
3661	130	0
3662	74	0
3663	65	0
3664	136	0
3665	143	0
3666	118	0
3667	81	0
3668	86	0
3669	160	0
3670	154	0
3671	110	0
3672	94	0
3673	109	0
3674	173	0
3675	153	0
3676	93	0
3677	99	0
3678	122	0
3679	165	0
3680	135	0
3681	69	0
3682	94	0
3683	128	0
3684	145	0
3685	113	0
3686	53	0
3687	97	0
3688	139	0
3689	132	0
3690	101	0
3691	60	0
3692	115	0
3693	161	0
3694	128	0
3695	101	0
3696	83	0
3697	138	0
3698	177	0
3699	121	0
3700	97	0
3701	103	0
3702	148	0
3703	173	0
3704	103	0
3705	83	0
3706	113	0
3707	142	0
3708	150	0
3709	79	0
3710	68	0
3711	120	0
3712	136	0
3713	128	0
3714	69	0
3715	70	0
3716	140	0
3717	141	0
3718	116	0
3719	80	0
3720	91	0
3721	165	0
3722	150	0
3723	108	0
3724	94	0
3725	113	0
3726	176	0
3727	147	0
3728	90	0
3729	99	0
3730	125	0
3731	165	0
3732	128	0
3733	66	0
3734	97	0
3735	129	0
3736	145	0
3737	106	0
3738	53	0
3739	104	0
3740	141	0
3741	130	0
3742	97	0
3743	61	0
3744	123	0
3745	160	0
3746	125	0
3747	98	0
3748	85	0
3749	144	0
3750	176	0
3751	117	0
3752	97	0
3753	105	0
3754	153	0
3755	168	0
3756	97	0
3757	84	0
3758	115	0
3759	145	0
3760	146	0
3761	74	0
3762	72	0
3763	125	0
3764	136	0
3765	125	0
3766	65	0
3767	77	0
3768	145	0
3769	139	0
3770	114	0
3771	77	0
3772	98	0
3773	169	0
3774	146	0
3775	106	0
3776	94	0
3777	119	0
3778	179	0
3779	141	0
3780	89	0
3781	101	0
3782	128	0
3783	166	0
3784	120	0
3785	66	0
3786	101	0
3787	130	0
3788	145	0
3789	99	0
3790	53	0
3791	109	0
3792	141	0
3793	129	0
3794	93	0
3795	64	0
3796	130	0
3797	160	0
3798	123	0
3799	97	0
3800	88	0
3801	151	0
3802	172	0
3803	112	0
3804	96	0
3805	107	0
3806	157	0
3807	165	0
3808	91	0
3809	85	0
3810	117	0
3811	146	0
3812	141	0
3813	69	0
3814	76	0
3815	126	0
3816	136	0
3817	120	0
3818	62	0
3819	83	0
3820	148	0
3821	137	0
3822	111	0
3823	76	0
3824	105	0
3825	171	0
3826	142	0
3827	104	0
3828	94	0
3829	125	0
3830	181	0
3831	134	0
3832	87	0
3833	103	0
3834	131	0
3835	165	0
3836	112	0
3837	65	0
3838	105	0
3839	132	0
3840	143	0
3841	93	0
3842	54	0
3843	115	0
3844	141	0
3845	127	0
3846	89	0
3847	66	0
3848	136	0
3849	159	0
3850	120	0
3851	96	0
3852	91	0
3853	157	0
3854	169	0
3855	108	0
3856	97	0
3857	109	0
3858	161	0
3859	159	0
3860	85	0
3861	88	0
3862	119	0
3863	148	0
3864	136	0
3865	64	0
3866	80	0
3867	129	0
3868	136	0
3869	116	0
3870	59	0
3871	89	0
3872	151	0
3873	136	0
3874	108	0
3875	74	0
3876	111	0
3877	173	0
3878	136	0
3879	102	0
3880	97	0
3881	130	0
3882	181	0
3883	127	0
3884	87	0
3885	105	0
3886	135	0
3887	165	0
3888	105	0
3889	66	0
3890	109	0
3891	133	0
3892	141	0
3893	86	0
3894	57	0
3895	120	0
3896	141	0
3897	125	0
3898	85	0
3899	69	0
3900	143	0
3901	156	0
3902	117	0
3903	93	0
3904	94	0
3905	163	0
3906	165	0
3907	105	0
3908	97	0
3909	113	0
3910	165	0
3911	153	0
3912	81	0
3913	90	0
3914	122	0
3915	149	0
3916	129	0
3917	60	0
3918	85	0
3919	131	0
3920	136	0
3921	111	0
3922	57	0
3923	96	0
3924	153	0
3925	133	0
3926	105	0
3927	75	0
3928	119	0
3929	174	0
3930	133	0
3931	101	0
3932	96	0
3933	136	0
3934	180	0
3935	121	0
3936	87	0
3937	106	0
3938	138	0
3939	163	0
3940	98	0
3941	66	0
3942	111	0
3943	135	0
3944	139	0
3945	80	0
3946	60	0
3947	125	0
3948	140	0
3949	123	0
3950	81	0
3951	74	0
3952	149	0
3953	154	0
3954	115	0
3955	92	0
3956	98	0
3957	168	0
3958	160	0
3959	101	0
3960	98	0
3961	117	0
3962	167	0
3963	147	0
3964	78	0
3965	93	0
3966	124	0
3967	150	0
3968	123	0
3969	57	0
3970	90	0
3971	133	0
3972	135	0
3973	106	0
3974	57	0
3975	103	0
3976	154	0
3977	130	0
3978	103	0
3979	75	0
3980	126	0
3981	174	0
3982	128	0
3983	100	0
3984	97	0
3985	142	0
3986	178	0
3987	114	0
3988	87	0
3989	108	0
3990	141	0
3991	160	0
3992	91	0
3993	69	0
3994	115	0
3995	136	0
3996	136	0
3997	75	0
3998	64	0
3999	130	0
4000	139	0
4001	121	0
4002	78	0
4003	80	0
4004	154	0
4005	151	0
4006	113	0
4007	91	0
4008	104	0
4009	172	0
4010	155	0
4011	98	0
4012	98	0
4013	120	0
4014	169	0
4015	140	0
4016	75	0
4017	96	0
4018	125	0
4019	151	0
4020	117	0
4021	56	0
4022	95	0
4023	135	0
4024	134	0
4025	101	0
4026	56	0
4027	111	0
4028	155	0
4029	129	0
4030	100	0
4031	76	0
4032	133	0
4033	174	0
4034	124	0
4035	99	0
4036	98	0
4037	148	0
4038	176	0
4039	108	0
4040	88	0
4041	111	0
4042	145	0
4043	157	0
4044	85	0
4045	72	0
4046	118	0
4047	137	0
4048	133	0
4049	69	0
4050	68	0
4051	134	0
4052	138	0
4053	117	0
4054	75	0
4055	85	0
4056	160	0
4057	148	0
4058	111	0
4059	90	0
4060	109	0
4061	176	0
4062	149	0
4063	96	0
4064	99	0
4065	124	0
4066	171	0
4067	133	0
4068	73	0
4069	98	0
4070	128	0
4071	150	0
4072	110	0
4073	54	0
4074	101	0
4075	136	0
4076	133	0
4077	97	0
4078	57	0
4079	117	0
4080	155	0
4081	125	0
4082	97	0
4083	79	0
4084	141	0
4085	173	0
4086	120	0
4087	98	0
4088	101	0
4089	153	0
4090	172	0
4091	103	0
4092	88	0
4093	113	0
4094	148	0
4095	152	0
4096	77	0
4097	74	0
4098	121	0
4099	137	0
4100	128	0
4101	65	0
4102	74	0
4103	138	0
4104	137	0
4105	115	0
4106	72	0
4107	92	0
4108	163	0
4109	144	0
4110	108	0
4111	90	0
4112	115	0
4113	178	0
4114	143	0
4115	94	0
4116	101	0
4117	127	0
4118	172	0
4119	125	0
4120	72	0
4121	101	0
4122	130	0
4123	150	0
4124	103	0
4125	54	0
4126	106	0
4127	137	0
4128	131	0
4129	92	0
4130	59	0
4131	125	0
4132	154	0
4133	124	0
4134	96	0
4135	81	0
4136	148	0
4137	170	0
4138	116	0
4139	98	0
4140	103	0
4141	158	0
4142	168	0
4143	97	0
4144	89	0
4145	115	0
4146	150	0
4147	147	0
4148	73	0
4149	78	0
4150	124	0
4151	138	0
4152	124	0
4153	61	0
4154	79	0
4155	141	0
4156	136	0
4157	112	0
4158	70	0
4159	98	0
4160	165	0
4161	141	0
4162	106	0
4163	90	0
4164	121	0
4165	180	0
4166	137	0
4167	93	0
4168	102	0
4169	131	0
4170	172	0
4171	117	0
4172	71	0
4173	105	0
4174	132	0
4175	149	0
4176	96	0
4177	56	0
4178	111	0
4179	137	0
4180	129	0
4181	87	0
4182	61	0
4183	131	0
4184	153	0
4185	122	0
4186	93	0
4187	85	0
4188	154	0
4189	167	0
4190	112	0
4191	98	0
4192	107	0
4193	162	0
4194	163	0
4195	92	0
4196	91	0
4197	117	0
4198	153	0
4199	142	0
4200	68	0
4201	82	0
4202	126	0
4203	138	0
4204	120	0
4205	57	0
4206	85	0
4207	144	0
4208	134	0
4209	109	0
4210	69	0
4211	106	0
4212	169	0
4213	137	0
4214	105	0
4215	90	0
4216	127	0
4217	181	0
4218	131	0
4219	92	0
4220	104	0
4221	136	0
4222	170	0
4223	110	0
4224	72	0
4225	107	0
4226	133	0
4227	147	0
4228	89	0
4229	57	0
4230	117	0
4231	137	0
4232	128	0
4233	83	0
4234	65	0
4235	137	0
4236	152	0
4237	119	0
4238	91	0
4239	88	0
4240	160	0
4241	163	0
4242	109	0
4243	97	0
4244	109	0
4245	167	0
4246	157	0
4247	88	0
4248	93	0
4249	120	0
4250	154	0
4251	135	0
4252	65	0
4253	86	0
4254	129	0
4255	138	0
4256	114	0
4257	55	0
4258	92	0
4259	146	0
4260	133	0
4261	106	0
4262	69	0
4263	114	0
4264	169	0
4265	133	0
4266	103	0
4267	91	0
4268	133	0
4269	181	0
4270	125	0
4271	91	0
4272	105	0
4273	139	0
4274	169	0
4275	103	0
4276	73	0
4277	110	0
4278	136	0
4279	145	0
4280	82	0
4281	60	0
4282	121	0
4283	137	0
4284	125	0
4285	78	0
4286	69	0
4287	143	0
4288	149	0
4289	117	0
4290	89	0
4291	93	0
4292	165	0
4293	159	0
4294	105	0
4295	97	0
4296	113	0
4297	170	0
4298	152	0
4299	85	0
4300	95	0
4301	122	0
4302	156	0
4303	129	0
4304	61	0
4305	90	0
4306	130	0
4307	138	0
4308	109	0
4309	54	0
4310	99	0
4311	147	0
4312	130	0
4313	102	0
4314	69	0
4315	121	0
4316	169	0
4317	129	0
4318	101	0
4319	92	0
4320	141	0
4321	179	0
4322	118	0
4323	92	0
4324	107	0
4325	143	0
4326	167	0
4327	96	0
4328	73	0
4329	114	0
4330	137	0
4331	141	0
4332	76	0
4333	63	0
4334	125	0
4335	137	0
4336	123	0
4337	75	0
4338	74	0
4339	148	0
4340	147	0
4341	114	0
4342	87	0
4343	98	0
4344	170	0
4345	155	0
4346	103	0
4347	98	0
4348	117	0
4349	173	0
4350	144	0
4351	82	0
4352	97	0
4353	125	0
4354	157	0
4355	122	0
4356	60	0
4357	95	0
4358	131	0
4359	137	0
4360	104	0
4361	53	0
4362	106	0
4363	148	0
4364	129	0
4365	99	0
4366	70	0
4367	129	0
4368	169	0
4369	125	0
4370	100	0
4371	94	0
4372	146	0
4373	177	0
4374	112	0
4375	93	0
4376	109	0
4377	147	0
4378	162	0
4379	89	0
4380	76	0
4381	117	0
4382	138	0
4383	138	0
4384	71	0
4385	67	0
4386	129	0
4387	137	0
4388	120	0
4389	71	0
4390	80	0
4391	153	0
4392	145	0
4393	112	0
4394	85	0
4395	104	0
4396	173	0
4397	149	0
4398	101	0
4399	98	0
4400	121	0
4401	175	0
4402	138	0
4403	80	0
4404	100	0
4405	127	0
4406	157	0
4407	115	0
4408	58	0
4409	99	0
4410	133	0
4411	137	0
4412	97	0
4413	54	0
4414	113	0
4415	149	0
4416	128	0
4417	96	0
4418	72	0
4419	136	0
4420	169	0
4421	121	0
4422	98	0
4423	96	0
4424	152	0
4425	174	0
4426	108	0
4427	92	0
4428	111	0
4429	151	0
4430	159	0
4431	83	0
4432	78	0
4433	118	0
4434	141	0
4435	133	0
4436	65	0
4437	72	0
4438	133	0
4439	136	0
4440	117	0
4441	69	0
4442	87	0
4443	157	0
4444	141	0
4445	110	0
4446	85	0
4447	110	0
4448	176	0
4449	145	0
4450	99	0
4451	99	0
4452	125	0
4453	176	0
4454	130	0
4455	78	0
4456	102	0
4457	130	0
4458	157	0
4459	107	0
4460	57	0
4461	105	0
4462	134	0
4463	136	0
4464	93	0
4465	56	0
4466	119	0
4467	149	0
4468	125	0
4469	93	0
4470	74	0
4471	143	0
4472	167	0
4473	118	0
4474	97	0
4475	98	0
4476	158	0
4477	170	0
4478	103	0
4479	93	0
4480	113	0
4481	154	0
4482	154	0
4483	79	0
4484	81	0
4485	121	0
4486	141	0
4487	129	0
4488	61	0
4489	78	0
4490	136	0
4491	136	0
4492	114	0
4493	66	0
4494	93	0
4495	161	0
4496	139	0
4497	107	0
4498	85	0
4499	116	0
4500	178	0
4501	138	0
4502	98	0
4503	100	0
4504	131	0
4505	176	0
4506	123	0
4507	77	0
4508	104	0
4509	133	0
4510	156	0
4511	100	0
4512	58	0
4513	109	0
4514	134	0
4515	133	0
4516	87	0
4517	58	0
4518	126	0
4519	148	0
4520	123	0
4521	90	0
4522	78	0
4523	150	0
4524	164	0
4525	115	0
4526	97	0
4527	101	0
4528	163	0
4529	165	0
4530	98	0
4531	94	0
4532	115	0
4533	157	0
4534	148	0
4535	73	0
4536	84	0
4537	123	0
4538	142	0
4539	124	0
4540	58	0
4541	84	0
4542	138	0
4543	134	0
4544	110	0
4545	64	0
4546	100	0
4547	162	0
4548	136	0
4549	106	0
4550	85	0
4551	124	0
4552	180	0
4553	133	0
4554	97	0
4555	101	0
4556	136	0
4557	175	0
4558	116	0
4559	77	0
4560	107	0
4561	135	0
4562	154	0
4563	93	0
4564	60	0
4565	114	0
4566	135	0
4567	132	0
4568	82	0
4569	61	0
4570	132	0
4571	147	0
4572	121	0
4573	87	0
4574	82	0
4575	155	0
4576	161	0
4577	112	0
4578	97	0
4579	106	0
4580	168	0
4581	161	0
4582	94	0
4583	95	0
4584	118	0
4585	160	0
4586	141	0
4587	69	0
4588	88	0
4589	125	0
4590	143	0
4591	118	0
4592	55	0
4593	90	0
4594	140	0
4595	133	0
4596	106	0
4597	63	0
4598	108	0
4599	163	0
4600	133	0
4601	104	0
4602	85	0
4603	130	0
4604	180	0
4605	127	0
4606	96	0
4607	103	0
4608	141	0
4609	174	0
4610	109	0
4611	77	0
4612	110	0
4613	137	0
4614	151	0
4615	85	0
4616	62	0
4617	117	0
4618	136	0
4619	129	0
4620	77	0
4621	65	0
4622	137	0
4623	145	0
4624	118	0
4625	85	0
4626	87	0
4627	161	0
4628	157	0
4629	109	0
4630	96	0
4631	109	0
4632	172	0
4633	155	0
4634	91	0
4635	96	0
4636	121	0
4637	161	0
4638	135	0
4639	66	0
4640	92	0
4641	128	0
4642	142	0
4643	112	0
4644	53	0
4645	96	0
4646	141	0
4647	132	0
4648	103	0
4649	64	0
4650	115	0
4651	164	0
4652	129	0
4653	101	0
4654	86	0
4655	137	0
4656	178	0
4657	122	0
4658	96	0
4659	104	0
4660	145	0
4661	171	0
4662	101	0
4663	79	0
4664	112	0
4665	140	0
4666	148	0
4667	80	0
4668	65	0
4669	122	0
4670	136	0
4671	126	0
4672	73	0
4673	70	0
4674	142	0
4675	144	0
4676	116	0
4677	83	0
4678	92	0
4679	166	0
4680	154	0
4681	107	0
4682	96	0
4683	114	0
4684	175	0
4685	149	0
4686	88	0
4687	98	0
4688	124	0
4689	162	0
4690	127	0
4691	64	0
4692	96	0
4693	129	0
4694	142	0
4695	106	0
4696	53	0
4697	102	0
4698	143	0
4699	129	0
4700	99	0
4701	64	0
4702	122	0
4703	164	0
4704	126	0
4705	100	0
4706	88	0
4707	144	0
4708	177	0
4709	117	0
4710	96	0
4711	106	0
4712	149	0
4713	169	0
4714	96	0
4715	80	0
4716	114	0
4717	141	0
4718	144	0
4719	74	0
4720	69	0
4721	125	0
4722	136	0
4723	123	0
4724	68	0
4725	76	0
4726	146	0
4727	142	0
4728	113	0
4729	81	0
4730	98	0
4731	170	0
4732	149	0
4733	105	0
4734	96	0
4735	119	0
4736	177	0
4737	142	0
4738	86	0
4739	101	0
4740	127	0
4741	163	0
4742	121	0
4743	62	0
4744	99	0
4745	131	0
4746	141	0
4747	100	0
4748	53	0
4749	109	0
4750	144	0
4751	128	0
4752	95	0
4753	66	0
4754	130	0
4755	163	0
4756	123	0
4757	98	0
4758	90	0
4759	151	0
4760	174	0
4761	112	0
4762	96	0
4763	108	0
4764	153	0
4765	164	0
4766	89	0
4767	82	0
4768	117	0
4769	143	0
4770	140	0
4771	69	0
4772	72	0
4773	128	0
4774	136	0
4775	120	0
4776	65	0
4777	82	0
4778	150	0
4779	140	0
4780	112	0
4781	80	0
4782	105	0
4783	173	0
4784	145	0
4785	103	0
4786	96	0
4787	125	0
4788	179	0
4789	135	0
4790	85	0
4791	102	0
4792	130	0
4793	162	0
4794	112	0
4795	62	0
4796	103	0
4797	132	0
4798	141	0
4799	94	0
4800	54	0
4801	115	0
4802	144	0
4803	127	0
4804	92	0
4805	68	0
4806	138	0
4807	162	0
4808	120	0
4809	97	0
4810	93	0
4811	157	0
4812	170	0
4813	107	0
4814	96	0
4815	110	0
4816	157	0
4817	159	0
4818	84	0
4819	85	0
4820	119	0
4821	144	0
4822	134	0
4823	63	0
4824	78	0
4825	131	0
4826	136	0
4827	116	0
4828	61	0
4829	88	0
4830	153	0
4831	136	0
4832	109	0
4833	78	0
4834	111	0
4835	175	0
4836	139	0
4837	101	0
4838	97	0
4839	129	0
4840	179	0
4841	127	0
4842	84	0
4843	105	0
4844	133	0
4845	161	0
4846	105	0
4847	62	0
4848	107	0
4849	133	0
4850	139	0
4851	88	0
4852	56	0
4853	121	0
4854	143	0
4855	125	0
4856	88	0
4857	72	0
4858	144	0
4859	160	0
4860	117	0
4861	96	0
4862	96	0
4863	162	0
4864	167	0
4865	104	0
4866	96	0
4867	114	0
4868	160	0
4869	153	0
4870	79	0
4871	87	0
4872	121	0
4873	146	0
4874	128	0
4875	60	0
4876	83	0
4877	133	0
4878	135	0
4879	112	0
4880	60	0
4881	96	0
4882	156	0
4883	134	0
4884	106	0
4885	79	0
4886	119	0
4887	176	0
4888	135	0
4889	100	0
4890	97	0
4891	135	0
4892	179	0
4893	120	0
4894	83	0
4895	107	0
4896	137	0
4897	160	0
4898	98	0
4899	63	0
4900	111	0
4901	134	0
4902	136	0
4903	82	0
4904	60	0
4905	127	0
4906	143	0
4907	122	0
4908	85	0
4909	76	0
4910	150	0
4911	157	0
4912	114	0
4913	94	0
4914	101	0
4915	168	0
4916	161	0
4917	100	0
4918	97	0
4919	116	0
4920	164	0
4921	146	0
4922	76	0
4923	90	0
4924	124	0
4925	147	0
4926	123	0
4927	56	0
4928	88	0
4929	135	0
4930	133	0
4931	108	0
4932	59	0
4933	103	0
4934	157	0
4935	132	0
4936	105	0
4937	79	0
4938	126	0
4939	178	0
4940	129	0
4941	100	0
4942	99	0
4943	140	0
4944	178	0
4945	114	0
4946	83	0
4947	108	0
4948	139	0
4949	157	0
4950	91	0
4951	64	0
4952	114	0
4953	136	0
4954	134	0
4955	76	0
4956	62	0
4957	131	0
4958	142	0
4959	120	0
4960	81	0
4961	81	0
4962	156	0
4963	154	0
4964	112	0
4965	93	0
4966	105	0
4967	171	0
4968	157	0
4969	97	0
4970	98	0
4971	119	0
4972	166	0
4973	140	0
4974	72	0
4975	93	0
4976	125	0
4977	148	0
4978	117	0
4979	54	0
4980	94	0
4981	137	0
4982	133	0
4983	103	0
4984	58	0
4985	109	0
4986	158	0
4987	129	0
4988	101	0
4989	80	0
4990	133	0
4991	177	0
4992	125	0
4993	98	0
4994	101	0
4995	146	0
4996	175	0
4997	107	0
4998	84	0
4999	111	0
5000	142	0
5001	154	0
5002	84	0
5003	68	0
5004	119	0
5005	136	0
5006	131	0
5007	72	0
5008	67	0
5009	136	0
5010	141	0
5011	118	0
5012	78	0
5013	87	0
5014	161	0
5015	151	0
5016	110	0
5017	93	0
5018	110	0
5019	175	0
5020	150	0
5021	94	0
5022	99	0
5023	123	0
5024	168	0
5025	133	0
5026	70	0
5027	97	0
5028	128	0
5029	148	0
5030	109	0
5031	54	0
5032	99	0
5033	138	0
5034	132	0
5035	98	0
5036	59	0
5037	118	0
5038	158	0
5039	127	0
5040	99	0
5041	81	0
5042	141	0
5043	176	0
5044	120	0
5045	98	0
5046	103	0
5047	150	0
5048	172	0
5049	101	0
5050	85	0
5051	113	0
5052	144	0
5053	151	0
5054	78	0
5055	71	0
5056	122	0
5057	136	0
5058	128	0
5059	67	0
5060	73	0
5061	141	0
5062	140	0
5063	115	0
5064	76	0
5065	92	0
5066	165	0
5067	147	0
5068	108	0
5069	93	0
5070	115	0
5071	178	0
5072	144	0
5073	92	0
5074	101	0
5075	127	0
5076	169	0
5077	125	0
5078	68	0
5079	101	0
5080	129	0
5081	147	0
5082	103	0
5083	53	0
5084	105	0
5085	139	0
5086	130	0
5087	94	0
5088	61	0
5089	125	0
5090	157	0
5091	124	0
5092	97	0
5093	84	0
5094	148	0
5095	172	0
5096	115	0
5097	97	0
5098	105	0
5099	155	0
5100	168	0
5101	96	0
5102	87	0
5103	115	0
5104	147	0
5105	145	0
5106	73	0
5107	74	0
5108	125	0
5109	137	0
5110	123	0
5111	63	0
5112	79	0
5113	144	0
5114	137	0
5115	112	0
5116	74	0
5117	99	0
5118	168	0
5119	143	0
5120	105	0
5121	93	0
5122	120	0
5123	180	0
5124	137	0
5125	91	0
5126	102	0
5127	130	0
5128	169	0
5129	117	0
5130	67	0
5131	104	0
5132	131	0
5133	146	0
5134	97	0
5135	53	0
5136	111	0
5137	139	0
5138	129	0
5139	90	0
5140	63	0
5141	132	0
5142	157	0
5143	121	0
5144	96	0
5145	87	0
5146	153	0
5147	170	0
5148	111	0
5149	97	0
5150	107	0
5151	160	0
5152	163	0
5153	91	0
5154	88	0
5155	117	0
5156	149	0
5157	141	0
5158	67	0
5159	79	0
5160	127	0
5161	137	0
5162	119	0
5163	60	0
5164	85	0
5165	146	0
5166	136	0
5167	109	0
5168	73	0
5169	106	0
5170	171	0
5171	138	0
5172	104	0
5173	93	0
5174	126	0
5175	181	0
5176	132	0
5177	89	0
5178	104	0
5179	133	0
5180	168	0
5181	110	0
5182	68	0
5183	107	0
5184	133	0
5185	145	0
5186	90	0
5187	56	0
5188	117	0
5189	139	0
5190	128	0
5191	85	0
5192	66	0
5193	138	0
5194	155	0
5195	120	0
5196	93	0
5197	90	0
5198	160	0
5199	166	0
5200	108	0
5201	97	0
5202	111	0
5203	164	0
5204	157	0
5205	86	0
5206	90	0
5207	120	0
5208	151	0
5209	135	0
5210	63	0
5211	84	0
5212	129	0
5213	137	0
5214	114	0
5215	57	0
5216	92	0
5217	149	0
5218	133	0
5219	107	0
5220	73	0
5221	114	0
5222	173	0
5223	134	0
5224	103	0
5225	93	0
5226	133	0
5227	181	0
5228	125	0
5229	89	0
5230	106	0
5231	137	0
5232	166	0
5233	103	0
5234	69	0
5235	110	0
5236	134	0
5237	142	0
5238	84	0
5239	58	0
5240	122	0
5241	139	0
5242	125	0
5243	82	0
5244	70	0
5245	145	0
5246	153	0
5247	117	0
5248	92	0
5249	95	0
5250	165	0
5251	161	0
5252	104	0
5253	98	0
5254	114	0
5255	168	0
5256	151	0
5257	82	0
5258	93	0
5259	123	0
5260	152	0
5261	128	0
5262	60	0
5263	88	0
5264	131	0
5265	136	0
5266	109	0
5267	56	0
5268	98	0
5269	150	0
5270	131	0
5271	104	0
5272	73	0
5273	120	0
5274	173	0
5275	130	0
5276	101	0
5277	95	0
5278	139	0
5279	180	0
5280	118	0
5281	89	0
5282	107	0
5283	141	0
5284	164	0
5285	96	0
5286	69	0
5287	113	0
5288	136	0
5289	139	0
5290	77	0
5291	62	0
5292	126	0
5293	138	0
5294	123	0
5295	78	0
5296	76	0
5297	150	0
5298	151	0
5299	114	0
5300	90	0
5301	100	0
5302	170	0
5303	157	0
5304	101	0
5305	98	0
5306	117	0
5307	169	0
5308	145	0
5309	78	0
5310	95	0
5311	124	0
5312	153	0
5313	122	0
5314	57	0
5315	93	0
5316	133	0
5317	136	0
5318	105	0
5319	55	0
5320	105	0
5321	152	0
5322	129	0
5323	101	0
5324	73	0
5325	128	0
5326	173	0
5327	126	0
5328	100	0
5329	96	0
5330	145	0
5331	178	0
5332	112	0
5333	89	0
5334	109	0
5335	145	0
5336	160	0
5337	89	0
5338	72	0
5339	116	0
5340	137	0
5341	136	0
5342	72	0
5343	66	0
5344	130	0
5345	137	0
5346	120	0
5347	74	0
5348	81	0
5349	155	0
5350	147	0
5351	112	0
5352	89	0
5353	105	0
5354	173	0
5355	152	0
5356	99	0
5357	99	0
5358	121	0
5359	173	0
5360	138	0
5361	76	0
5362	98	0
5363	127	0
5364	153	0
5365	114	0
5366	56	0
5367	98	0
5368	133	0
5369	135	0
5370	99	0
5371	55	0
5372	113	0
5373	153	0
5374	127	0
5375	98	0
5376	75	0
5377	136	0
5378	172	0
5379	123	0
5380	99	0
5381	98	0
5382	151	0
5383	176	0
5384	106	0
5385	90	0
5386	111	0
5387	148	0
5388	157	0
5389	83	0
5390	75	0
5391	119	0
5392	138	0
5393	132	0
5394	67	0
5395	71	0
5396	135	0
5397	136	0
5398	117	0
5399	72	0
5400	87	0
5401	159	0
5402	145	0
5403	110	0
5404	88	0
5405	110	0
5406	176	0
5407	146	0
5408	97	0
5409	100	0
5410	125	0
5411	173	0
5412	130	0
5413	75	0
5414	101	0
5415	129	0
5416	153	0
5417	107	0
5418	55	0
5419	104	0
5420	135	0
5421	133	0
5422	94	0
5423	57	0
5424	120	0
5425	153	0
5426	125	0
5427	95	0
5428	77	0
5429	143	0
5430	170	0
5431	118	0
5432	98	0
5433	100	0
5434	156	0
5435	171	0
5436	101	0
5437	91	0
5438	113	0
5439	151	0
5440	152	0
5441	77	0
5442	77	0
5443	121	0
5444	138	0
5445	128	0
5446	63	0
5447	77	0
5448	138	0
5449	136	0
5450	114	0
5451	69	0
5452	93	0
5453	162	0
5454	141	0
5455	108	0
5456	88	0
5457	117	0
5458	179	0
5459	140	0
5460	96	0
5461	101	0
5462	130	0
5463	173	0
5464	123	0
5465	74	0
5466	103	0
5467	131	0
5468	152	0
5469	100	0
5470	56	0
5471	108	0
5472	136	0
5473	132	0
5474	88	0
5475	58	0
5476	126	0
5477	151	0
5478	123	0
5479	93	0
5480	81	0
5481	150	0
5482	168	0
5483	115	0
5484	98	0
5485	103	0
5486	160	0
5487	166	0
5488	97	0
5489	92	0
5490	116	0
5491	153	0
5492	146	0
5493	72	0
5494	81	0
5495	125	0
5496	139	0
5497	123	0
5498	59	0
5499	82	0
5500	140	0
5501	134	0
5502	111	0
5503	68	0
5504	101	0
5505	165	0
5506	138	0
5507	106	0
5508	88	0
5509	124	0
5510	180	0
5511	134	0
5512	94	0
5513	102	0
5514	134	0
5515	173	0
5516	116	0
5517	73	0
5518	106	0
5519	133	0
5520	150	0
5521	93	0
5522	57	0
5523	113	0
5524	136	0
5525	130	0
5526	84	0
5527	62	0
5528	133	0
5529	150	0
5530	120	0
5531	91	0
5532	84	0
5533	156	0
5534	164	0
5535	112	0
5536	97	0
5537	106	0
5538	165	0
5539	161	0
5540	92	0
5541	93	0
5542	118	0
5543	156	0
5544	140	0
5545	68	0
5546	85	0
5547	126	0
5548	140	0
5549	117	0
5550	56	0
5551	88	0
5552	143	0
5553	133	0
5554	107	0
5555	66	0
5556	108	0
5557	167	0
5558	134	0
5559	104	0
5560	89	0
5561	130	0
5562	181	0
5563	129	0
5564	93	0
5565	103	0
5566	139	0
5567	173	0
5568	109	0
5569	74	0
5570	109	0
5571	136	0
5572	149	0
5573	86	0
5574	60	0
5575	117	0
5576	137	0
5577	128	0
5578	80	0
5579	66	0
5580	138	0
5581	149	0
5582	118	0
5583	88	0
5584	89	0
5585	161	0
5586	161	0
5587	109	0
5588	97	0
5589	110	0
5590	169	0
5591	155	0
5592	89	0
5593	95	0
5594	121	0
5595	157	0
5596	133	0
5597	65	0
5598	89	0
5599	128	0
5600	140	0
5601	112	0
5602	54	0
5603	95	0
5604	145	0
5605	132	0
5606	104	0
5607	66	0
5608	115	0
5609	167	0
5610	130	0
5611	102	0
5612	88	0
5613	136	0
5614	180	0
5615	122	0
5616	93	0
5617	105	0
5618	143	0
5619	169	0
5620	101	0
5621	75	0
5622	112	0
5623	137	0
5624	145	0
5625	81	0
5626	62	0
5627	123	0
5628	136	0
5629	125	0
5630	75	0
5631	70	0
5632	144	0
5633	147	0
5634	116	0
5635	86	0
5636	94	0
5637	166	0
5638	156	0
5639	105	0
5640	97	0
5641	114	0
5642	173	0
5643	149	0
5644	85	0
5645	97	0
5646	124	0
5647	159	0
5648	127	0
5649	61	0
5650	93	0
5651	130	0
5652	140	0
5653	106	0
5654	53	0
5655	101	0
5656	146	0
5657	130	0
5658	101	0
5659	67	0
5660	123	0
5661	168	0
5662	127	0
5663	101	0
5664	91	0
5665	143	0
5666	178	0
5667	117	0
5668	93	0
5669	107	0
5670	147	0
5671	167	0
5672	95	0
5673	77	0
5674	114	0
5675	139	0
5676	142	0
5677	74	0
5678	66	0
5679	126	0
5680	137	0
5681	123	0
5682	71	0
5683	76	0
5684	149	0
5685	145	0
5686	113	0
5687	84	0
5688	99	0
5689	171	0
5690	152	0
5691	104	0
5692	97	0
5693	119	0
5694	175	0
5695	142	0
5696	83	0
5697	99	0
5698	126	0
5699	159	0
5700	120	0
5701	61	0
5702	98	0
5703	131	0
5704	139	0
5705	101	0
5706	53	0
5707	108	0
5708	146	0
5709	128	0
5710	97	0
5711	69	0
5712	130	0
5713	167	0
5714	124	0
5715	99	0
5716	93	0
5717	149	0
5718	175	0
5719	112	0
5720	93	0
5721	109	0
5722	151	0
5723	163	0
5724	88	0
5725	79	0
5726	117	0
5727	141	0
5728	138	0
5729	69	0
5730	71	0
5731	129	0
5732	136	0
5733	120	0
5734	68	0
5735	82	0
5736	153	0
5737	142	0
5738	111	0
5739	83	0
5740	105	0
5741	173	0
5742	146	0
5743	101	0
5744	98	0
5745	124	0
5746	177	0
5747	135	0
5748	81	0
5749	101	0
5750	128	0
5751	159	0
5752	112	0
5753	60	0
5754	102	0
5755	132	0
5756	137	0
5757	95	0
5758	53	0
5759	115	0
5760	146	0
5761	127	0
5762	94	0
5763	71	0
5764	137	0
5765	165	0
5766	120	0
5767	98	0
5768	95	0
5769	155	0
5770	173	0
5771	106	0
5772	94	0
5773	111	0
5774	154	0
5775	158	0
5776	83	0
5777	81	0
5778	119	0
5779	142	0
5780	133	0
5781	64	0
5782	76	0
5783	133	0
5784	136	0
5785	116	0
5786	65	0
5787	88	0
5788	156	0
5789	139	0
5790	109	0
5791	82	0
5792	112	0
5793	177	0
5794	141	0
5795	100	0
5796	98	0
5797	128	0
5798	177	0
5799	128	0
5800	81	0
5801	104	0
5802	132	0
5803	159	0
5804	105	0
5805	59	0
5806	106	0
5807	133	0
5808	137	0
5809	90	0
5810	55	0
5811	121	0
5812	146	0
5813	124	0
5814	90	0
5815	74	0
5816	145	0
5817	164	0
5818	117	0
5819	96	0
5820	98	0
5821	161	0
5822	168	0
5823	102	0
5824	94	0
5825	114	0
5826	157	0
5827	153	0
5828	78	0
5829	85	0
5830	122	0
5831	143	0
5832	128	0
5833	60	0
5834	81	0
5835	136	0
5836	135	0
5837	112	0
5838	62	0
5839	95	0
5840	158	0
5841	136	0
5842	107	0
5843	82	0
5844	118	0
5845	178	0
5846	136	0
5847	98	0
5848	99	0
5849	133	0
5850	178	0
5851	121	0
5852	80	0
5853	106	0
5854	133	0
5855	157	0
5856	97	0
5857	60	0
5858	111	0
5859	135	0
5860	135	0
5861	85	0
5862	59	0
5863	127	0
5864	145	0
5865	122	0
5866	87	0
5867	77	0
5868	151	0
5869	160	0
5870	114	0
5871	96	0
5872	101	0
5873	165	0
5874	163	0
5875	98	0
5876	96	0
5877	117	0
5878	160	0
5879	146	0
5880	73	0
5881	87	0
5882	125	0
5883	144	0
5884	122	0
5885	57	0
5886	86	0
5887	138	0
5888	133	0
5889	108	0
5890	62	0
5891	103	0
5892	161	0
5893	133	0
5894	104	0
5895	82	0
5896	126	0
5897	179	0
5898	130	0
5899	97	0
5900	101	0
5901	138	0
5902	176	0
5903	113	0
5904	79	0
5905	108	0
5906	137	0
5907	155	0
5908	90	0
5909	62	0
5910	114	0
5911	135	0
5912	132	0
5913	79	0
5914	63	0
5915	133	0
5916	145	0
5917	120	0
5918	84	0
5919	82	0
5920	157	0
5921	157	0
5922	112	0
5923	95	0
5924	105	0
5925	170	0
5926	157	0
5927	95	0
5928	97	0
5929	120	0
5930	162	0
5931	140	0
5932	69	0
5933	91	0
5934	126	0
5935	144	0
5936	116	0
5937	54	0
5938	93	0
5939	140	0
5940	132	0
5941	104	0
5942	61	0
5943	110	0
5944	162	0
5945	131	0
5946	103	0
5947	84	0
5948	133	0
5949	179	0
5950	126	0
5951	96	0
5952	102	0
5953	143	0
5954	174	0
5955	107	0
5956	80	0
5957	110	0
5958	140	0
5959	152	0
5960	84	0
5961	65	0
5962	119	0
5963	136	0
5964	129	0
5965	73	0
5966	66	0
5967	138	0
5968	143	0
5969	117	0
5970	82	0
5971	88	0
5972	162	0
5973	154	0
5974	109	0
5975	96	0
5976	110	0
5977	173	0
5978	152	0
5979	92	0
5980	98	0
5981	122	0
5982	164	0
5983	133	0
5984	68	0
5985	94	0
5986	128	0
5987	145	0
5988	110	0
5989	53	0
5990	99	0
5991	140	0
5992	131	0
5993	101	0
5994	61	0
5995	117	0
5996	162	0
5997	128	0
5998	101	0
5999	85	0
6000	140	0
6001	177	0
6002	121	0
6003	96	0
6004	104	0
6005	148	0
6006	171	0
6007	100	0
6008	81	0
6009	113	0
6010	142	0
6011	149	0
6012	77	0
6013	68	0
6014	122	0
6015	136	0
6016	126	0
6017	69	0
6018	72	0
6019	142	0
6020	141	0
6021	115	0
6022	80	0
6023	93	0
6024	166	0
6025	150	0
6026	107	0
6027	94	0
6028	115	0
6029	176	0
6030	145	0
6031	90	0
6032	100	0
6033	125	0
6034	165	0
6035	125	0
6036	65	0
6037	98	0
6038	130	0
6039	144	0
6040	104	0
6041	53	0
6042	104	0
6043	141	0
6044	130	0
6045	96	0
6046	63	0
6047	125	0
6048	161	0
6049	125	0
6050	99	0
6051	86	0
6052	147	0
6053	174	0
6054	115	0
6055	97	0
6056	106	0
6057	154	0
6058	168	0
6059	94	0
6060	84	0
6061	115	0
6062	144	0
6063	144	0
6064	72	0
6065	72	0
6066	125	0
6067	136	0
6068	122	0
6069	65	0
6070	78	0
6071	146	0
6072	139	0
6073	113	0
6074	78	0
6075	100	0
6076	170	0
6077	146	0
6078	105	0
6079	95	0
6080	120	0
6081	178	0
6082	139	0
6083	88	0
6084	101	0
6085	129	0
6086	165	0
6087	117	0
6088	65	0
6089	101	0
6090	131	0
6091	143	0
6092	97	0
6093	53	0
6094	110	0
6095	141	0
6096	128	0
6097	92	0
6098	65	0
6099	133	0
6100	160	0
6101	122	0
6102	97	0
6103	89	0
6104	153	0
6105	172	0
6106	111	0
6107	97	0
6108	109	0
6109	157	0
6110	162	0
6111	89	0
6112	85	0
6113	117	0
6114	146	0
6115	139	0
6116	66	0
6117	76	0
6118	128	0
6119	136	0
6120	119	0
6121	62	0
6122	84	0
6123	149	0
6124	137	0
6125	110	0
6126	77	0
6127	106	0
6128	173	0
6129	141	0
6130	103	0
6131	96	0
6132	126	0
6133	180	0
6134	132	0
6135	87	0
6136	103	0
6137	132	0
6138	165	0
6139	110	0
6140	65	0
6141	106	0
6142	133	0
6143	142	0
6144	91	0
6145	55	0
6146	117	0
6147	141	0
6148	125	0
6149	88	0
6150	67	0
6151	139	0
6152	159	0
6153	119	0
6154	95	0
6155	93	0
6156	158	0
6157	168	0
6158	107	0
6159	97	0
6160	111	0
6161	161	0
6162	157	0
6163	85	0
6164	88	0
6165	120	0
6166	148	0
6167	133	0
6168	62	0
6169	81	0
6170	130	0
6171	136	0
6172	114	0
6173	60	0
6174	91	0
6175	152	0
6176	135	0
6177	108	0
6178	76	0
6179	113	0
6180	174	0
6181	137	0
6182	102	0
6183	95	0
6184	132	0
6185	180	0
6186	125	0
6187	85	0
6188	105	0
6189	135	0
6190	163	0
6191	103	0
6192	65	0
6193	109	0
6194	133	0
6195	140	0
6196	85	0
6197	57	0
6198	122	0
6199	141	0
6200	125	0
6201	84	0
6202	72	0
6203	146	0
6204	157	0
6205	117	0
6206	93	0
6207	96	0
6208	165	0
6209	164	0
6210	103	0
6211	97	0
6212	114	0
6213	165	0
6214	152	0
6215	80	0
6216	90	0
6217	122	0
6218	149	0
6219	128	0
6220	59	0
6221	85	0
6222	133	0
6223	135	0
6224	110	0
6225	58	0
6226	98	0
6227	154	0
6228	133	0
6229	105	0
6230	76	0
6231	120	0
6232	175	0
6233	132	0
6234	100	0
6235	96	0
6236	137	0
6237	179	0
6238	118	0
6239	85	0
6240	107	0
6241	139	0
6242	161	0
6243	96	0
6244	66	0
6245	113	0
6246	135	0
6247	136	0
6248	79	0
6249	60	0
6250	127	0
6251	141	0
6252	122	0
6253	81	0
6254	76	0
6255	152	0
6256	154	0
6257	114	0
6258	93	0
6259	101	0
6260	169	0
6261	159	0
6262	100	0
6263	98	0
6264	117	0
6265	167	0
6266	145	0
6267	76	0
6268	93	0
6269	124	0
6270	149	0
6271	121	0
6272	56	0
6273	92	0
6274	134	0
6275	134	0
6276	105	0
6277	57	0
6278	105	0
6279	155	0
6280	130	0
6281	103	0
6282	77	0
6283	129	0
6284	175	0
6285	127	0
6286	99	0
6287	99	0
6288	143	0
6289	177	0
6290	112	0
6291	85	0
6292	109	0
6293	141	0
6294	158	0
6295	89	0
6296	68	0
6297	116	0
6298	136	0
6299	134	0
6300	74	0
6301	65	0
6302	132	0
6303	140	0
6304	119	0
6305	78	0
6306	82	0
6307	157	0
6308	151	0
6309	112	0
6310	92	0
6311	105	0
6312	173	0
6313	154	0
6314	97	0
6315	99	0
6316	121	0
6317	169	0
6318	138	0
6319	73	0
6320	96	0
6321	126	0
6322	150	0
6323	114	0
6324	54	0
6325	96	0
6326	136	0
6327	133	0
6328	101	0
6329	56	0
6330	113	0
6331	156	0
6332	128	0
6333	100	0
6334	78	0
6335	136	0
6336	175	0
6337	123	0
6338	98	0
6339	100	0
6340	149	0
6341	174	0
6342	106	0
6343	87	0
6344	111	0
6345	145	0
6346	154	0
6347	83	0
6348	71	0
6349	119	0
6350	137	0
6351	131	0
6352	69	0
6353	69	0
6354	136	0
6355	138	0
6356	117	0
6357	75	0
6358	88	0
6359	161	0
6360	148	0
6361	109	0
6362	91	0
6363	111	0
6364	176	0
6365	148	0
6366	95	0
6367	100	0
6368	125	0
6369	170	0
6370	131	0
6371	71	0
6372	98	0
6373	128	0
6374	149	0
6375	108	0
6376	53	0
6377	102	0
6378	137	0
6379	133	0
6380	96	0
6381	58	0
6382	120	0
6383	156	0
6384	125	0
6385	97	0
6386	79	0
6387	143	0
6388	173	0
6389	119	0
6390	98	0
6391	102	0
6392	154	0
6393	171	0
6394	101	0
6395	87	0
6396	114	0
6397	148	0
6398	151	0
6399	76	0
6400	74	0
6401	122	0
6402	137	0
6403	127	0
6404	64	0
6405	75	0
6406	140	0
6407	137	0
6408	114	0
6409	72	0
6410	94	0
6411	165	0
6412	144	0
6413	107	0
6414	91	0
6415	117	0
6416	179	0
6417	141	0
6418	93	0
6419	101	0
6420	129	0
6421	171	0
6422	123	0
6423	70	0
6424	101	0
6425	130	0
6426	149	0
6427	101	0
6428	55	0
6429	107	0
6430	137	0
6431	131	0
6432	91	0
6433	60	0
6434	126	0
6435	155	0
6436	123	0
6437	95	0
6438	83	0
6439	149	0
6440	170	0
6441	115	0
6442	97	0
6443	105	0
6444	158	0
6445	167	0
6446	95	0
6447	89	0
6448	116	0
6449	150	0
6450	146	0
6451	72	0
6452	78	0
6453	125	0
6454	138	0
6455	122	0
6456	61	0
6457	81	0
6458	144	0
6459	136	0
6460	111	0
6461	71	0
6462	100	0
6463	168	0
6464	141	0
6465	105	0
6466	91	0
6467	123	0
6468	181	0
6469	135	0
6470	92	0
6471	101	0
6472	132	0
6473	171	0
6474	116	0
6475	70	0
6476	105	0
6477	133	0
6478	148	0
6479	93	0
6480	55	0
6481	113	0
6482	138	0
6483	129	0
6484	86	0
6485	63	0
6486	133	0
6487	154	0
6488	121	0
6489	93	0
6490	85	0
6491	156	0
6492	167	0
6493	111	0
6494	98	0
6495	107	0
6496	163	0
6497	161	0
6498	91	0
6499	91	0
6500	118	0
6501	153	0
6502	139	0
6503	66	0
6504	83	0
6505	127	0
6506	138	0
6507	117	0
6508	57	0
6509	88	0
6510	146	0
6511	134	0
6512	108	0
6513	70	0
6514	108	0
6515	170	0
6516	136	0
6517	104	0
6518	91	0
6519	129	0
6520	181	0
6521	129	0
6522	90	0
6523	104	0
6524	136	0
6525	169	0
6526	108	0
6527	69	0
6528	109	0
6529	134	0
6530	145	0
6531	88	0
6532	57	0
6533	117	0
6534	137	0
6535	127	0
6536	82	0
6537	66	0
6538	139	0
6539	152	0
6540	118	0
6541	91	0
6542	90	0
6543	162	0
6544	163	0
6545	108	0
6546	97	0
6547	111	0
6548	167	0
6549	156	0
6550	86	0
6551	93	0
6552	121	0
6553	154	0
6554	133	0
6555	62	0
6556	86	0
6557	129	0
6558	138	0
6559	112	0
6560	56	0
6561	94	0
6562	148	0
6563	132	0
6564	105	0
6565	69	0
6566	115	0
6567	170	0
6568	133	0
6569	102	0
6570	92	0
6571	135	0
6572	181	0
6573	123	0
6574	90	0
6575	106	0
6576	141	0
6577	167	0
6578	101	0
6579	71	0
6580	111	0
6581	136	0
6582	142	0
6583	81	0
6584	61	0
6585	123	0
6586	138	0
6587	124	0
6588	78	0
6589	71	0
6590	145	0
6591	150	0
6592	116	0
6593	89	0
6594	95	0
6595	167	0
6596	158	0
6597	104	0
6598	98	0
6599	114	0
6600	170	0
6601	149	0
6602	83	0
6603	95	0
6604	123	0
6605	155	0
6606	127	0
6607	60	0
6608	92	0
6609	131	0
6610	137	0
6611	108	0
6612	53	0
6613	101	0
6614	149	0
6615	131	0
6616	102	0
6617	71	0
6618	123	0
6619	170	0
6620	129	0
6621	101	0
6622	93	0
6623	141	0
6624	179	0
6625	117	0
6626	91	0
6627	107	0
6628	143	0
6629	165	0
6630	93	0
6631	72	0
6632	114	0
6633	137	0
6634	140	0
6635	75	0
6636	64	0
6637	127	0
6638	137	0
6639	122	0
6640	74	0
6641	76	0
6642	150	0
6643	148	0
6644	114	0
6645	88	0
6646	101	0
6647	171	0
6648	154	0
6649	102	0
6650	98	0
6651	119	0
6652	173	0
6653	143	0
6654	80	0
6655	97	0
6656	125	0
6657	157	0
6658	120	0
6659	58	0
6660	96	0
6661	132	0
6662	137	0
6663	102	0
6664	55	0
6665	108	0
6666	149	0
6667	128	0
6668	99	0
6669	72	0
6670	131	0
6671	170	0
6672	125	0
6673	100	0
6674	95	0
6675	148	0
6676	176	0
6677	111	0
6678	91	0
6679	109	0
6680	148	0
6681	161	0
6682	88	0
6683	75	0
6684	117	0
6685	139	0
6686	136	0
6687	70	0
6688	68	0
6689	131	0
6690	136	0
6691	119	0
6692	71	0
6693	82	0
6694	155	0
6695	145	0
6696	111	0
6697	87	0
6698	106	0
6699	174	0
6700	149	0
6701	100	0
6702	99	0
6703	123	0
6704	174	0
6705	136	0
6706	78	0
6707	100	0
6708	128	0
6709	156	0
6710	112	0
6711	56	0
6712	101	0
6713	133	0
6714	135	0
6715	97	0
6716	54	0
6717	114	0
6718	149	0
6719	128	0
6720	96	0
6721	73	0
6722	138	0
6723	169	0
6724	120	0
6725	99	0
6726	97	0
6727	153	0
6728	173	0
6729	106	0
6730	92	0
6731	111	0
6732	151	0
6733	157	0
6734	81	0
6735	78	0
6736	120	0
6737	139	0
6738	132	0
6739	65	0
6740	73	0
6741	134	0
6742	136	0
6743	116	0
6744	68	0
6745	88	0
6746	159	0
6747	142	0
6748	109	0
6749	85	0
6750	113	0
6751	178	0
6752	143	0
6753	98	0
6754	99	0
6755	128	0
6756	175	0
6757	129	0
6758	77	0
6759	103	0
6760	130	0
6761	155	0
6762	105	0
6763	56	0
6764	106	0
6765	134	0
6766	134	0
6767	91	0
6768	57	0
6769	121	0
6770	149	0
6771	124	0
6772	93	0
6773	76	0
6774	145	0
6775	168	0
6776	117	0
6777	98	0
6778	100	0
6779	159	0
6780	169	0
6781	101	0
6782	93	0
6783	114	0
6784	154	0
6785	151	0
6786	76	0
6787	80	0
6788	122	0
6789	140	0
6790	127	0
6791	61	0
6792	80	0
6793	137	0
6794	135	0
6795	113	0
6796	66	0
6797	95	0
6798	161	0
6799	138	0
6800	107	0
6801	85	0
6802	119	0
6803	179	0
6804	138	0
6805	97	0
6806	100	0
6807	132	0
6808	176	0
6809	121	0
6810	76	0
6811	105	0
6812	133	0
6813	154	0
6814	98	0
6815	58	0
6816	110	0
6817	135	0
6818	133	0
6819	87	0
6820	59	0
6821	128	0
6822	149	0
6823	122	0
6824	89	0
6825	79	0
6826	152	0
6827	164	0
6828	114	0
6829	97	0
6830	104	0
6831	164	0
6832	165	0
6833	96	0
6834	93	0
6835	117	0
6836	157	0
6837	146	0
6838	72	0
6839	84	0
6840	124	0
6841	141	0
6842	122	0
6843	57	0
6844	85	0
6845	139	0
6846	133	0
6847	109	0
6848	65	0
6849	102	0
6850	163	0
6851	136	0
6852	105	0
6853	85	0
6854	125	0
6855	181	0
6856	132	0
6857	96	0
6858	101	0
6859	136	0
6860	174	0
6861	113	0
6862	76	0
6863	108	0
6864	135	0
6865	152	0
6866	91	0
6867	60	0
6868	115	0
6869	136	0
6870	130	0
6871	81	0
6872	63	0
6873	133	0
6874	148	0
6875	120	0
6876	88	0
6877	84	0
6878	157	0
6879	161	0
6880	112	0
6881	97	0
6882	107	0
6883	169	0
6884	159	0
6885	93	0
6886	95	0
6887	119	0
6888	159	0
6889	139	0
6890	68	0
6891	88	0
6892	127	0
6893	141	0
6894	117	0
6895	55	0
6896	91	0
6897	142	0
6898	133	0
6899	106	0
6900	64	0
6901	110	0
6902	165	0
6903	132	0
6904	103	0
6905	86	0
6906	132	0
6907	180	0
6908	127	0
6909	96	0
6910	103	0
6911	141	0
6912	173	0
6913	106	0
6914	77	0
6915	110	0
6916	138	0
6917	149	0
6918	85	0
6919	62	0
6920	119	0
6921	137	0
6922	128	0
6923	77	0
6924	67	0
6925	138	0
6926	146	0
6927	117	0
6928	85	0
6929	89	0
6930	163	0
6931	157	0
6932	108	0
6933	96	0
6934	111	0
6935	172	0
6936	152	0
6937	89	0
6938	97	0
6939	121	0
6940	161	0
6941	133	0
6942	64	0
6943	93	0
6944	129	0
6945	141	0
6946	110	0
6947	53	0
6948	97	0
6949	143	0
6950	131	0
6951	101	0
6952	65	0
6953	117	0
6954	165	0
6955	128	0
6956	101	0
6957	88	0
6958	139	0
6959	179	0
6960	120	0
6961	95	0
6962	104	0
6963	146	0
6964	170	0
6965	100	0
6966	77	0
6967	113	0
6968	140	0
6969	146	0
6970	78	0
6971	64	0
6972	123	0
6973	136	0
6974	125	0
6975	72	0
6976	72	0
6977	144	0
6978	144	0
6979	115	0
6980	84	0
6981	93	0
6982	168	0
6983	152	0
6984	106	0
6985	97	0
6986	116	0
6987	175	0
6988	147	0
6989	86	0
6990	99	0
6991	125	0
6992	161	0
6993	125	0
6994	62	0
6995	96	0
6996	129	0
6997	141	0
6998	105	0
6999	53	0
7000	104	0
7001	144	0
7002	129	0
7003	99	0
7004	65	0
7005	125	0
7006	165	0
7007	125	0
7008	100	0
7009	89	0
7010	145	0
7011	177	0
7012	115	0
7013	94	0
7014	107	0
7015	150	0
7016	166	0
7017	93	0
7018	80	0
7019	115	0
7020	141	0
7021	142	0
7022	72	0
7023	69	0
7024	127	0
7025	136	0
7026	122	0
7027	68	0
7028	77	0
7029	148	0
7030	142	0
7031	113	0
7032	81	0
7033	100	0
7034	171	0
7035	148	0
7036	104	0
7037	96	0
7038	120	0
7039	177	0
7040	140	0
7041	85	0
7042	101	0
7043	127	0
7044	162	0
7045	118	0
7046	61	0
7047	100	0
7048	131	0
7049	141	0
7050	98	0
7051	53	0
7052	110	0
7053	144	0
7054	127	0
7055	94	0
7056	67	0
7057	133	0
7058	165	0
7059	122	0
7060	98	0
7061	92	0
7062	152	0
7063	173	0
7064	110	0
7065	95	0
7066	109	0
7067	153	0
7068	162	0
7069	87	0
7070	82	0
7071	117	0
7072	143	0
7073	138	0
7074	66	0
7075	74	0
7076	129	0
7077	136	0
7078	119	0
7079	64	0
7080	84	0
7081	152	0
7082	139	0
7083	110	0
7084	80	0
7085	107	0
7086	174	0
7087	144	0
7088	102	0
7089	97	0
7090	125	0
7091	178	0
7092	133	0
7093	83	0
7094	102	0
7095	130	0
7096	161	0
7097	110	0
7098	61	0
7099	104	0
7100	133	0
7101	139	0
7102	93	0
7103	54	0
7104	117	0
7105	144	0
7106	126	0
7107	91	0
7108	70	0
7109	140	0
7110	162	0
7111	119	0
7112	97	0
7113	95	0
7114	158	0
7115	170	0
7116	106	0
7117	95	0
7118	112	0
7119	157	0
7120	157	0
7121	82	0
7122	85	0
7123	120	0
7124	145	0
7125	133	0
7126	62	0
7127	78	0
7128	132	0
7129	135	0
7130	115	0
7131	61	0
7132	91	0
7133	155	0
7134	136	0
7135	108	0
7136	80	0
7137	114	0
7138	176	0
7139	138	0
7140	101	0
7141	97	0
7142	130	0
7143	179	0
7144	125	0
7145	82	0
7146	105	0
7147	133	0
7148	161	0
7149	102	0
7150	61	0
7151	109	0
7152	133	0
7153	137	0
7154	86	0
7155	57	0
7156	122	0
7157	144	0
7158	124	0
7159	87	0
7160	73	0
7161	146	0
7162	160	0
7163	116	0
7164	96	0
7165	97	0
7166	163	0
7167	165	0
7168	101	0
7169	96	0
7170	115	0
7171	161	0
7172	151	0
7173	77	0
7174	88	0
7175	122	0
7176	146	0
7177	127	0
7178	59	0
7179	85	0
7180	134	0
7181	135	0
7182	111	0
7183	60	0
7184	98	0
7185	157	0
7186	134	0
7187	106	0
7188	80	0
7189	121	0
7190	177	0
7191	133	0
7192	99	0
7193	99	0
7194	136	0
7195	178	0
7196	119	0
7197	82	0
7198	107	0
7199	136	0
7200	158	0
7201	96	0
7202	63	0
7203	113	0
7204	135	0
7205	136	0
7206	81	0
7207	60	0
7208	128	0
7209	143	0
7210	122	0
7211	84	0
7212	78	0
7213	153	0
7214	157	0
7215	114	0
7216	96	0
7217	102	0
7218	168	0
7219	161	0
7220	98	0
7221	97	0
7222	117	0
7223	164	0
7224	144	0
7225	74	0
7226	90	0
7227	125	0
7228	146	0
7229	121	0
7230	56	0
7231	90	0
7232	136	0
7233	133	0
7234	106	0
7235	59	0
7236	105	0
7237	158	0
7238	131	0
7239	104	0
7240	81	0
7241	129	0
7242	178	0
7243	128	0
7244	98	0
7245	100	0
7246	141	0
7247	177	0
7248	112	0
7249	82	0
7250	109	0
7251	140	0
7252	156	0
7253	88	0
7254	65	0
7255	116	0
7256	135	0
7257	132	0
7258	75	0
7259	64	0
7260	133	0
7261	142	0
7262	119	0
7263	81	0
7264	83	0
7265	158	0
7266	155	0
7267	112	0
7268	94	0
7269	107	0
7270	172	0
7271	155	0
7272	96	0
7273	98	0
7274	120	0
7275	165	0
7276	138	0
7277	71	0
7278	93	0
7279	126	0
7280	146	0
7281	115	0
7282	54	0
7283	96	0
7284	138	0
7285	133	0
7286	102	0
7287	60	0
7288	112	0
7289	160	0
7290	129	0
7291	101	0
7292	81	0
7293	135	0
7294	177	0
7295	124	0
7296	97	0
7297	101	0
7298	147	0
7299	174	0
7300	105	0
7301	83	0
7302	111	0
7303	143	0
7304	153	0
7305	82	0
7306	67	0
7307	119	0
7308	136	0
7309	129	0
7310	71	0
7311	69	0
7312	138	0
7313	141	0
7314	117	0
7315	79	0
7316	88	0
7317	163	0
7318	151	0
7319	109	0
7320	93	0
7321	112	0
7322	176	0
7323	149	0
7324	93	0
7325	99	0
7326	124	0
7327	167	0
7328	131	0
7329	69	0
7330	97	0
7331	128	0
7332	146	0
7333	108	0
7334	53	0
7335	101	0
7336	139	0
7337	131	0
7338	97	0
7339	60	0
7340	120	0
7341	160	0
7342	126	0
7343	99	0
7344	83	0
7345	143	0
7346	176	0
7347	119	0
7348	97	0
7349	104	0
7350	151	0
7351	171	0
7352	99	0
7353	85	0
7354	113	0
7355	145	0
7356	149	0
7357	76	0
7358	71	0
7359	123	0
7360	137	0
7361	127	0
7362	66	0
7363	74	0
7364	142	0
7365	139	0
7366	114	0
7367	77	0
7368	94	0
7369	167	0
7370	147	0
7371	107	0
7372	93	0
7373	117	0
7374	178	0
7375	143	0
7376	90	0
7377	101	0
7378	127	0
7379	168	0
7380	123	0
7381	67	0
7382	101	0
7383	130	0
7384	145	0
7385	101	0
7386	53	0
7387	107	0
7388	140	0
7389	129	0
7390	93	0
7391	61	0
7392	127	0
7393	159	0
7394	124	0
7395	97	0
7396	85	0
7397	149	0
7398	173	0
7399	114	0
7400	97	0
7401	106	0
7402	155	0
7403	167	0
7404	93	0
7405	86	0
7406	115	0
7407	147	0
7408	144	0
7409	71	0
7410	75	0
7411	125	0
7412	136	0
7413	122	0
7414	63	0
7415	80	0
7416	146	0
7417	138	0
7418	112	0
7419	75	0
7420	101	0
7421	170	0
7422	142	0
7423	105	0
7424	93	0
7425	123	0
7426	180	0
7427	137	0
7428	89	0
7429	102	0
7430	131	0
7431	167	0
7432	115	0
7433	66	0
7434	104	0
7435	131	0
7436	144	0
7437	94	0
7438	54	0
7439	113	0
7440	140	0
7441	128	0
7442	89	0
7443	65	0
7444	134	0
7445	157	0
7446	121	0
7447	95	0
7448	89	0
7449	155	0
7450	169	0
7451	110	0
7452	97	0
7453	109	0
7454	160	0
7455	162	0
7456	89	0
7457	88	0
7458	118	0
7459	149	0
7460	139	0
7461	66	0
7462	80	0
7463	129	0
7464	137	0
7465	117	0
7466	59	0
7467	86	0
7468	149	0
7469	135	0
7470	109	0
7471	73	0
7472	109	0
7473	172	0
7474	138	0
7475	104	0
7476	93	0
7477	128	0
7478	181	0
7479	130	0
7480	89	0
7481	104	0
7482	135	0
7483	166	0
7484	108	0
7485	66	0
7486	108	0
7487	133	0
7488	143	0
7489	89	0
7490	56	0
7491	118	0
7492	139	0
7493	126	0
7494	85	0
7495	68	0
7496	141	0
7497	156	0
7498	118	0
7499	93	0
7500	93	0
7501	161	0
7502	165	0
7503	106	0
7504	97	0
7505	112	0
7506	164	0
7507	156	0
7508	84	0
7509	90	0
7510	121	0
7511	150	0
7512	133	0
7513	62	0
7514	84	0
7515	130	0
7516	137	0
7517	113	0
7518	57	0
7519	93	0
7520	150	0
7521	133	0
7522	107	0
7523	73	0
7524	116	0
7525	173	0
7526	134	0
7527	102	0
7528	94	0
7529	135	0
7530	180	0
7531	123	0
7532	87	0
7533	105	0
7534	138	0
7535	165	0
7536	101	0
7537	68	0
7538	111	0
7539	135	0
7540	141	0
7541	82	0
7542	59	0
7543	123	0
7544	139	0
7545	124	0
7546	81	0
7547	72	0
7548	147	0
7549	153	0
7550	116	0
7551	92	0
7552	96	0
7553	167	0
7554	161	0
7555	103	0
7556	98	0
7557	115	0
7558	168	0
7559	149	0
7560	81	0
7561	93	0
7562	123	0
7563	152	0
7564	126	0
7565	58	0
7566	89	0
7567	132	0
7568	136	0
7569	108	0
7570	56	0
7571	100	0
7572	152	0
7573	131	0
7574	104	0
7575	73	0
7576	123	0
7577	173	0
7578	130	0
7579	101	0
7580	96	0
7581	141	0
7582	179	0
7583	116	0
7584	87	0
7585	108	0
7586	141	0
7587	162	0
7588	93	0
7589	69	0
7590	114	0
7591	136	0
7592	138	0
7593	76	0
7594	62	0
7595	128	0
7596	139	0
7597	121	0
7598	78	0
7599	77	0
7600	152	0
7601	150	0
7602	113	0
7603	90	0
7604	101	0
7605	171	0
7606	156	0
7607	100	0
7608	98	0
7609	118	0
7610	170	0
7611	143	0
7612	77	0
7613	95	0
7614	125	0
7615	152	0
7616	120	0
7617	57	0
7618	93	0
7619	133	0
7620	135	0
7621	104	0
7622	56	0
7623	107	0
7624	153	0
7625	129	0
7626	101	0
7627	75	0
7628	130	0
7629	173	0
7630	125	0
7631	100	0
7632	97	0
7633	146	0
7634	176	0
7635	111	0
7636	88	0
7637	109	0
7638	145	0
7639	159	0
7640	87	0
7641	71	0
7642	117	0
7643	137	0
7644	135	0
7645	71	0
7646	67	0
7647	132	0
7648	138	0
7649	118	0
7650	74	0
7651	82	0
7652	157	0
7653	148	0
7654	112	0
7655	89	0
7656	107	0
7657	174	0
7658	151	0
7659	98	0
7660	99	0
7661	122	0
7662	172	0
7663	136	0
7664	75	0
7665	98	0
7666	127	0
7667	152	0
7668	112	0
7669	55	0
7670	99	0
7671	135	0
7672	133	0
7673	99	0
7674	56	0
7675	115	0
7676	153	0
7677	126	0
7678	97	0
7679	77	0
7680	138	0
7681	172	0
7682	121	0
7683	98	0
7684	99	0
7685	152	0
7686	173	0
7687	105	0
7688	89	0
7689	112	0
7690	148	0
7691	155	0
7692	81	0
7693	74	0
7694	120	0
7695	138	0
7696	130	0
7697	66	0
7698	72	0
7699	136	0
7700	137	0
7701	117	0
7702	72	0
7703	89	0
7704	161	0
7705	144	0
7706	109	0
7707	88	0
7708	112	0
7709	177	0
7710	145	0
7711	96	0
7712	100	0
7713	125	0
7714	173	0
7715	129	0
7716	73	0
7717	101	0
7718	129	0
7719	152	0
7720	105	0
7721	55	0
7722	105	0
7723	136	0
7724	133	0
7725	93	0
7726	58	0
7727	121	0
7728	152	0
7729	125	0
7730	95	0
7731	79	0
7732	145	0
7733	170	0
7734	117	0
7735	98	0
7736	101	0
7737	157	0
7738	170	0
7739	99	0
7740	90	0
7741	114	0
7742	151	0
7743	149	0
7744	75	0
7745	78	0
7746	122	0
7747	139	0
7748	127	0
7749	61	0
7750	78	0
7751	140	0
7752	136	0
7753	113	0
7754	69	0
7755	96	0
7756	164	0
7757	141	0
7758	107	0
7759	89	0
7760	119	0
7761	180	0
7762	139	0
7763	95	0
7764	101	0
7765	130	0
7766	173	0
7767	121	0
7768	73	0
7769	104	0
7770	132	0
7771	151	0
7772	98	0
7773	55	0
7774	109	0
7775	137	0
7776	131	0
7777	88	0
7778	60	0
7779	128	0
7780	152	0
7781	123	0
7782	93	0
7783	82	0
7784	152	0
7785	167	0
7786	114	0
7787	97	0
7788	105	0
7789	161	0
7790	165	0
7791	95	0
7792	92	0
7793	117	0
7794	153	0
7795	145	0
7796	70	0
7797	82	0
7798	125	0
7799	139	0
7800	121	0
7801	58	0
7802	84	0
7803	142	0
7804	135	0
7805	110	0
7806	69	0
7807	103	0
7808	166	0
7809	137	0
7810	105	0
7811	89	0
7812	125	0
7813	181	0
7814	133	0
7815	93	0
7816	102	0
7817	134	0
7818	172	0
7819	113	0
7820	73	0
7821	107	0
7822	133	0
7823	149	0
7824	92	0
7825	57	0
7826	115	0
7827	137	0
7828	129	0
7829	84	0
7830	63	0
7831	134	0
7832	151	0
7833	120	0
7834	90	0
7835	85	0
7836	157	0
7837	164	0
7838	111	0
7839	97	0
7840	108	0
7841	166	0
7842	160	0
7843	90	0
7844	93	0
7845	119	0
7846	155	0
7847	138	0
7848	66	0
7849	86	0
7850	127	0
7851	139	0
7852	116	0
7853	56	0
7854	90	0
7855	145	0
7856	133	0
7857	107	0
7858	68	0
7859	110	0
7860	168	0
7861	133	0
7862	103	0
7863	89	0
7864	132	0
7865	181	0
7866	127	0
7867	93	0
7868	105	0
7869	139	0
7870	170	0
7871	106	0
7872	73	0
7873	109	0
7874	136	0
7875	146	0
7876	85	0
7877	60	0
7878	119	0
7879	137	0
7880	128	0
7881	79	0
7882	67	0
7883	141	0
7884	149	0
7885	117	0
7886	89	0
7887	90	0
7888	163	0
7889	160	0
7890	107	0
7891	97	0
7892	112	0
7893	170	0
7894	154	0
7895	88	0
7896	95	0
7897	121	0
7898	157	0
7899	132	0
7900	63	0
7901	89	0
7902	129	0
7903	139	0
7904	111	0
7905	54	0
7906	97	0
7907	146	0
7908	131	0
7909	104	0
7910	68	0
7911	117	0
7912	169	0
7913	130	0
7914	101	0
7915	90	0
7916	138	0
7917	180	0
7918	120	0
7919	92	0
7920	106	0
7921	144	0
7922	168	0
7923	99	0
7924	74	0
7925	113	0
7926	137	0
7927	144	0
7928	79	0
7929	62	0
7930	124	0
7931	137	0
7932	124	0
7933	75	0
7934	73	0
7935	146	0
7936	147	0
7937	115	0
7938	86	0
7939	96	0
7940	168	0
7941	156	0
7942	105	0
7943	97	0
7944	116	0
7945	173	0
7946	147	0
7947	83	0
7948	97	0
7949	124	0
7950	157	0
7951	125	0
7952	61	0
7953	94	0
7954	130	0
7955	138	0
7956	105	0
7957	53	0
7958	103	0
7959	147	0
7960	129	0
7961	100	0
7962	69	0
7963	125	0
7964	169	0
7965	127	0
7966	101	0
7967	92	0
7968	145	0
7969	178	0
7970	115	0
7971	93	0
7972	108	0
7973	147	0
7974	165	0
7975	93	0
7976	77	0
7977	115	0
7978	139	0
7979	140	0
7980	73	0
7981	68	0
7982	127	0
7983	136	0
7984	121	0
7985	71	0
7986	78	0
7987	151	0
7988	144	0
7989	113	0
7990	85	0
7991	101	0
7992	172	0
7993	151	0
7994	102	0
7995	97	0
7996	120	0
7997	175	0
7998	141	0
7999	81	0
