Oscilloscope data. 
Time step = 1,250 mS
Voltage step = 31,25 mV
Zero level = 58

N 	Smpl.	Trig

0	136	0
1	135	0
2	136	0
3	136	0
4	136	0
5	136	0
6	135	0
7	136	0
8	136	0
9	135	0
10	136	0
11	136	0
12	136	0
13	136	0
14	136	0
15	136	0
16	136	0
17	136	0
18	136	0
19	136	0
20	136	0
21	136	0
22	136	0
23	136	0
24	136	0
25	136	0
26	136	0
27	136	0
28	136	0
29	136	0
30	136	0
31	136	0
32	136	0
33	136	0
34	136	0
35	135	0
36	136	0
37	136	0
38	136	0
39	136	0
40	136	0
41	136	0
42	136	0
43	136	0
44	136	0
45	136	0
46	136	0
47	136	0
48	136	0
49	136	0
50	136	0
51	136	0
52	136	0
53	136	0
54	136	0
55	136	0
56	136	0
57	136	0
58	136	0
59	136	0
60	136	0
61	136	0
62	136	0
63	136	0
64	136	0
65	136	0
66	136	0
67	136	0
68	136	0
69	136	0
70	136	0
71	136	0
72	136	0
73	136	0
74	136	0
75	136	0
76	136	0
77	136	0
78	136	0
79	136	0
80	136	0
81	136	0
82	136	0
83	136	0
84	136	0
85	136	0
86	136	0
87	136	0
88	136	0
89	136	0
90	136	0
91	136	0
92	135	0
93	135	0
94	136	0
95	136	0
96	136	0
97	136	0
98	136	0
99	136	0
100	136	0
101	136	0
102	136	0
103	136	0
104	136	0
105	136	0
106	136	0
107	137	0
108	136	0
109	136	0
110	136	0
111	136	0
112	136	0
113	135	0
114	136	0
115	136	0
116	136	0
117	136	0
118	136	0
119	136	0
120	136	0
121	136	0
122	136	0
123	136	0
124	136	0
125	136	0
126	137	0
127	137	0
128	137	0
129	136	0
130	136	0
131	136	0
132	136	0
133	136	0
134	136	0
135	136	0
136	136	0
137	137	0
138	137	0
139	136	0
140	136	0
141	136	0
142	136	0
143	136	0
144	136	0
145	136	0
146	136	0
147	136	0
148	136	0
149	136	0
150	136	0
151	136	0
152	136	0
153	136	0
154	136	0
155	136	0
156	136	0
157	136	0
158	136	0
159	136	0
160	136	0
161	136	0
162	136	0
163	136	0
164	136	0
165	136	0
166	136	0
167	136	0
168	136	0
169	136	0
170	136	0
171	136	0
172	136	0
173	136	0
174	136	0
175	136	0
176	136	0
177	136	0
178	136	0
179	136	0
180	136	0
181	136	0
182	136	0
183	136	0
184	136	0
185	136	0
186	136	0
187	136	0
188	136	0
189	136	0
190	136	0
191	136	0
192	136	0
193	136	0
194	135	0
195	136	0
196	136	0
197	136	0
198	136	0
199	136	0
200	135	0
201	136	0
202	136	0
203	136	0
204	136	0
205	136	0
206	136	0
207	136	0
208	136	0
209	136	0
210	136	0
211	136	0
212	136	0
213	136	0
214	136	0
215	136	0
216	136	0
217	136	0
218	136	0
219	136	0
220	136	0
221	136	0
222	136	0
223	136	0
224	136	0
225	136	0
226	136	0
227	136	0
228	136	0
229	136	0
230	136	0
231	136	0
232	136	0
233	136	0
234	136	0
235	136	0
236	136	0
237	136	0
238	136	0
239	136	0
240	136	0
241	136	0
242	136	0
243	136	0
244	136	0
245	136	0
246	136	0
247	136	0
248	136	0
249	136	0
250	136	0
251	136	0
252	136	0
253	136	0
254	136	0
255	136	0
256	136	0
257	136	0
258	136	0
259	136	0
260	136	0
261	136	0
262	136	0
263	136	0
264	136	0
265	136	0
266	136	0
267	136	0
268	136	0
269	136	0
270	136	0
271	136	0
272	136	0
273	136	0
274	136	0
275	136	0
276	136	0
277	136	0
278	136	0
279	136	0
280	136	0
281	136	0
282	136	0
283	136	0
284	136	0
285	136	0
286	136	0
287	136	0
288	136	0
289	136	0
290	136	0
291	136	0
292	136	0
293	136	0
294	136	0
295	136	0
296	136	0
297	136	0
298	136	0
299	136	0
300	136	0
301	136	0
302	136	0
303	136	0
304	136	0
305	136	0
306	136	0
307	136	0
308	135	0
309	136	0
310	136	0
311	136	0
312	136	0
313	137	0
314	136	0
315	136	0
316	136	0
317	136	0
318	136	0
319	137	0
320	136	0
321	136	0
322	136	0
323	136	0
324	136	0
325	136	0
326	136	0
327	136	0
328	136	0
329	136	0
330	136	0
331	136	0
332	136	0
333	136	0
334	136	0
335	136	0
336	136	0
337	136	0
338	137	0
339	136	0
340	137	0
341	136	0
342	136	0
343	136	0
344	136	0
345	136	0
346	136	0
347	136	0
348	137	0
349	136	0
350	137	0
351	136	0
352	136	0
353	136	0
354	136	0
355	136	0
356	136	0
357	136	0
358	136	0
359	136	0
360	136	0
361	136	0
362	136	0
363	136	0
364	136	0
365	136	0
366	136	0
367	136	0
368	136	0
369	136	0
370	136	0
371	136	0
372	136	0
373	136	0
374	136	0
375	136	0
376	136	0
377	136	0
378	136	0
379	136	0
380	136	0
381	136	0
382	136	0
383	136	0
384	136	0
385	136	0
386	136	0
387	136	0
388	136	0
389	136	0
390	135	0
391	135	0
392	136	0
393	136	0
394	136	0
395	136	0
396	136	0
397	136	0
398	136	0
399	136	0
400	136	0
401	136	0
402	136	0
403	136	0
404	136	0
405	136	0
406	136	0
407	136	0
408	136	0
409	136	0
410	136	0
411	136	0
412	136	0
413	136	0
414	136	0
415	136	0
416	136	0
417	136	0
418	136	0
419	136	0
420	136	0
421	136	0
422	136	0
423	136	0
424	136	0
425	136	0
426	136	0
427	136	0
428	136	0
429	136	0
430	136	0
431	136	0
432	136	0
433	136	0
434	136	0
435	136	0
436	136	0
437	136	0
438	136	0
439	136	0
440	136	0
441	136	0
442	136	0
443	136	0
444	136	0
445	136	0
446	136	0
447	136	0
448	136	0
449	136	0
450	136	0
451	136	0
452	136	0
453	136	0
454	136	0
455	136	0
456	136	0
457	136	0
458	136	0
459	136	0
460	136	0
461	136	0
462	136	0
463	136	0
464	136	0
465	136	0
466	136	0
467	136	0
468	136	0
469	136	0
470	136	0
471	136	0
472	136	0
473	136	0
474	136	0
475	136	0
476	136	0
477	136	0
478	136	0
479	136	0
480	135	0
481	136	0
482	136	0
483	136	0
484	136	0
485	136	0
486	136	0
487	136	0
488	136	0
489	136	0
490	136	0
491	136	0
492	136	0
493	136	0
494	136	0
495	136	0
496	136	0
497	136	0
498	136	0
499	136	0
500	136	0
501	136	0
502	135	0
503	136	0
504	136	0
505	136	0
506	136	0
507	136	0
508	136	0
509	136	0
510	136	0
511	136	0
512	136	0
513	136	0
514	136	0
515	135	0
516	136	0
517	136	0
518	136	0
519	136	0
520	136	0
521	136	0
522	136	0
523	136	0
524	136	0
525	136	0
526	136	0
527	136	0
528	136	0
529	136	0
530	136	0
531	136	0
532	136	0
533	136	0
534	136	0
535	136	0
536	136	0
537	135	0
538	135	0
539	136	0
540	136	0
541	136	0
542	136	0
543	136	0
544	136	0
545	136	0
546	136	0
547	136	0
548	136	0
549	136	0
550	136	0
551	136	0
552	136	0
553	136	0
554	136	0
555	136	0
556	136	0
557	136	0
558	136	0
559	136	0
560	136	0
561	136	0
562	136	0
563	136	0
564	136	0
565	136	0
566	136	0
567	136	0
568	136	0
569	136	0
570	136	0
571	136	0
572	136	0
573	136	0
574	136	0
575	135	0
576	136	0
577	136	0
578	136	0
579	136	0
580	136	0
581	136	0
582	136	0
583	136	0
584	136	0
585	136	0
586	136	0
587	136	0
588	136	0
589	136	0
590	136	0
591	136	0
592	136	0
593	136	0
594	136	0
595	136	0
596	137	0
597	136	0
598	136	0
599	136	0
600	136	0
601	136	0
602	136	0
603	136	0
604	136	0
605	136	0
606	136	0
607	136	0
608	136	0
609	136	0
610	136	0
611	136	0
612	136	0
613	136	0
614	137	0
615	136	0
616	136	0
617	135	0
618	136	0
619	136	0
620	136	0
621	136	0
622	136	0
623	136	0
624	136	0
625	136	0
626	136	0
627	136	0
628	136	0
629	136	0
630	136	0
631	136	0
632	136	0
633	136	0
634	136	0
635	137	0
636	136	0
637	136	0
638	136	0
639	136	0
640	136	0
641	136	0
642	136	0
643	136	0
644	136	0
645	136	0
646	136	0
647	136	0
648	136	0
649	136	0
650	136	0
651	136	0
652	136	0
653	136	0
654	136	0
655	136	0
656	136	0
657	136	0
658	136	0
659	136	0
660	136	0
661	136	0
662	136	0
663	136	0
664	136	0
665	136	0
666	136	0
667	136	0
668	136	0
669	136	0
670	136	0
671	136	0
672	136	0
673	136	0
674	136	0
675	136	0
676	136	0
677	136	0
678	136	0
679	136	0
680	136	0
681	136	0
682	136	0
683	136	0
684	136	0
685	136	0
686	136	0
687	136	0
688	136	0
689	136	0
690	136	0
691	136	0
692	136	0
693	136	0
694	136	0
695	136	0
696	136	0
697	136	0
698	136	0
699	136	0
700	136	0
701	136	0
702	136	0
703	136	0
704	136	0
705	136	0
706	136	0
707	136	0
708	136	0
709	136	0
710	136	0
711	136	0
712	136	0
713	136	0
714	136	0
715	136	0
716	136	0
717	136	0
718	136	0
719	136	0
720	136	0
721	136	0
722	136	0
723	136	0
724	136	0
725	136	0
726	136	0
727	136	0
728	136	0
729	136	0
730	136	0
731	136	0
732	136	0
733	136	0
734	136	0
735	136	0
736	137	0
737	136	0
738	136	0
739	136	0
740	136	0
741	136	0
742	136	0
743	136	0
744	136	0
745	136	0
746	136	0
747	136	0
748	136	0
749	136	0
750	136	0
751	136	0
752	136	0
753	136	0
754	136	0
755	136	0
756	136	0
757	136	0
758	136	0
759	135	0
760	136	0
761	136	0
762	136	0
763	136	0
764	136	0
765	136	0
766	136	0
767	136	0
768	136	0
769	135	0
770	136	0
771	136	0
772	136	0
773	136	0
774	136	0
775	136	0
776	136	0
777	136	0
778	136	0
779	136	0
780	136	0
781	136	0
782	136	0
783	136	0
784	136	0
785	136	0
786	136	0
787	135	0
788	136	0
789	136	0
790	136	0
791	136	0
792	136	0
793	136	0
794	136	0
795	136	0
796	136	0
797	136	0
798	136	0
799	136	0
800	136	0
801	136	0
802	135	0
803	136	0
804	136	0
805	136	0
806	136	0
807	136	0
808	136	0
809	136	0
810	136	0
811	136	0
812	135	0
813	136	0
814	136	0
815	136	0
816	135	0
817	136	0
818	136	0
819	136	0
820	135	0
821	136	0
822	136	0
823	136	0
824	137	0
825	136	0
826	136	0
827	136	0
828	136	0
829	136	0
830	136	0
831	136	0
832	136	0
833	136	0
834	136	0
835	136	0
836	136	0
837	136	0
838	136	0
839	136	0
840	136	0
841	136	0
842	136	0
843	136	0
844	136	0
845	136	0
846	136	0
847	136	0
848	136	0
849	136	0
850	136	0
851	136	0
852	136	0
853	136	0
854	136	0
855	136	0
856	136	0
857	136	0
858	136	0
859	136	0
860	136	0
861	136	0
862	136	0
863	136	0
864	136	0
865	136	0
866	136	0
867	136	0
868	136	0
869	136	0
870	136	0
871	136	0
872	136	0
873	136	0
874	136	0
875	136	0
876	135	0
877	136	0
878	136	0
879	136	0
880	136	0
881	136	0
882	136	0
883	136	0
884	136	0
885	136	0
886	136	0
887	136	0
888	136	0
889	136	0
890	136	0
891	136	0
892	136	0
893	136	0
894	136	0
895	136	0
896	136	0
897	136	0
898	135	0
899	136	0
900	136	0
901	136	0
902	136	0
903	136	0
904	136	0
905	136	0
906	136	0
907	136	0
908	136	0
909	136	0
910	136	0
911	136	0
912	136	0
913	136	0
914	137	0
915	136	0
916	136	0
917	136	0
918	136	0
919	136	0
920	136	0
921	136	0
922	136	0
923	136	0
924	136	0
925	136	0
926	136	0
927	136	0
928	136	0
929	136	0
930	136	0
931	136	0
932	136	0
933	137	0
934	136	0
935	136	0
936	136	0
937	136	0
938	136	0
939	136	0
940	136	0
941	136	0
942	136	0
943	136	0
944	136	0
945	136	0
946	136	0
947	136	0
948	136	0
949	136	0
950	136	0
951	136	0
952	136	0
953	136	0
954	136	0
955	137	0
956	136	0
957	137	0
958	136	0
959	136	0
960	136	0
961	137	0
962	136	0
963	136	0
964	136	0
965	136	0
966	136	0
967	136	0
968	136	0
969	137	0
970	136	0
971	136	0
972	136	0
973	136	0
974	138	0
975	136	0
976	137	0
977	137	0
978	136	0
979	136	0
980	137	0
981	136	0
982	136	0
983	137	0
984	136	0
985	136	0
986	137	0
987	136	0
988	136	0
989	136	0
990	137	0
991	137	0
992	136	0
993	136	0
994	136	0
995	136	0
996	136	0
997	137	0
998	136	0
999	137	0
1000	136	0
1001	136	0
1002	136	0
1003	137	0
1004	137	0
1005	137	0
1006	137	0
1007	136	0
1008	136	0
1009	137	0
1010	137	0
1011	136	0
1012	136	0
1013	137	0
1014	136	0
1015	137	0
1016	136	0
1017	136	0
1018	136	0
1019	136	0
1020	137	0
1021	137	0
1022	137	0
1023	137	0
1024	137	0
1025	136	0
1026	137	0
1027	137	0
1028	137	0
1029	137	0
1030	136	0
1031	136	0
1032	137	0
1033	137	0
1034	137	0
1035	137	0
1036	137	0
1037	137	0
1038	137	0
1039	136	0
1040	137	0
1041	137	0
1042	136	0
1043	137	0
1044	136	0
1045	137	0
1046	136	0
1047	137	0
1048	137	0
1049	137	0
1050	137	0
1051	137	0
1052	136	0
1053	137	0
1054	137	0
1055	136	0
1056	137	0
1057	136	0
1058	137	0
1059	137	0
1060	137	0
1061	137	0
1062	137	0
1063	137	0
1064	137	0
1065	137	0
1066	137	0
1067	136	0
1068	137	0
1069	136	0
1070	137	0
1071	137	0
1072	137	0
1073	137	0
1074	137	0
1075	136	0
1076	137	0
1077	137	0
1078	137	0
1079	137	0
1080	136	0
1081	137	0
1082	137	0
1083	137	0
1084	137	0
1085	137	0
1086	136	0
1087	137	0
1088	137	0
1089	137	0
1090	137	0
1091	137	0
1092	138	0
1093	137	0
1094	136	0
1095	137	0
1096	137	0
1097	137	0
1098	137	0
1099	137	0
1100	137	0
1101	137	0
1102	137	0
1103	137	0
1104	137	0
1105	137	0
1106	137	0
1107	137	0
1108	137	0
1109	137	0
1110	137	0
1111	138	0
1112	137	0
1113	137	0
1114	137	0
1115	137	0
1116	137	0
1117	138	0
1118	137	0
1119	137	0
1120	137	0
1121	137	0
1122	138	0
1123	136	0
1124	137	0
1125	138	0
1126	137	0
1127	136	0
1128	137	0
1129	137	0
1130	138	0
1131	138	0
1132	137	0
1133	137	0
1134	138	0
1135	139	0
1136	138	0
1137	138	0
1138	138	0
1139	137	0
1140	138	0
1141	138	0
1142	138	0
1143	139	0
1144	137	0
1145	138	0
1146	138	0
1147	138	0
1148	137	0
1149	138	0
1150	139	0
1151	138	0
1152	139	0
1153	139	0
1154	138	0
1155	139	0
1156	139	0
1157	138	0
1158	138	0
1159	138	0
1160	138	0
1161	139	0
1162	139	0
1163	139	0
1164	139	0
1165	139	0
1166	139	0
1167	139	0
1168	139	0
1169	139	0
1170	139	0
1171	139	0
1172	139	0
1173	139	0
1174	139	0
1175	139	0
1176	139	0
1177	139	0
1178	139	0
1179	139	0
1180	139	0
1181	139	0
1182	139	0
1183	139	0
1184	139	0
1185	139	0
1186	139	0
1187	139	0
1188	139	0
1189	140	0
1190	139	0
1191	139	0
1192	140	0
1193	139	0
1194	140	0
1195	140	0
1196	140	0
1197	140	0
1198	140	0
1199	140	0
1200	140	0
1201	140	0
1202	141	0
1203	141	0
1204	141	0
1205	140	0
1206	141	0
1207	141	0
1208	142	0
1209	142	0
1210	142	0
1211	143	0
1212	142	0
1213	143	0
1214	143	0
1215	143	0
1216	143	0
1217	143	0
1218	143	0
1219	143	0
1220	143	0
1221	143	0
1222	143	0
1223	143	0
1224	144	0
1225	144	0
1226	144	0
1227	144	0
1228	144	0
1229	144	0
1230	144	0
1231	145	0
1232	145	0
1233	145	0
1234	145	0
1235	145	0
1236	145	0
1237	146	0
1238	145	0
1239	146	0
1240	147	0
1241	147	0
1242	147	0
1243	147	0
1244	147	0
1245	147	0
1246	147	0
1247	147	0
1248	147	0
1249	147	0
1250	147	0
1251	147	0
1252	147	0
1253	147	0
1254	147	0
1255	147	0
1256	147	0
1257	147	0
1258	147	0
1259	148	0
1260	147	0
1261	147	0
1262	147	0
1263	147	0
1264	147	0
1265	148	0
1266	148	0
1267	148	0
1268	148	0
1269	148	0
1270	148	0
1271	148	0
1272	148	0
1273	148	0
1274	148	0
1275	149	0
1276	148	0
1277	148	0
1278	149	0
1279	148	0
1280	149	0
1281	149	0
1282	150	0
1283	149	0
1284	149	0
1285	149	0
1286	149	0
1287	149	0
1288	149	0
1289	149	0
1290	150	0
1291	150	0
1292	150	0
1293	149	0
1294	151	0
1295	151	0
1296	151	0
1297	151	0
1298	151	0
1299	151	0
1300	151	0
1301	151	0
1302	151	0
1303	151	0
1304	151	0
1305	152	0
1306	151	0
1307	152	0
1308	152	0
1309	152	0
1310	152	0
1311	152	0
1312	152	0
1313	152	0
1314	152	0
1315	152	0
1316	153	0
1317	153	0
1318	153	0
1319	154	0
1320	155	0
1321	155	0
1322	155	0
1323	155	0
1324	155	0
1325	155	0
1326	155	0
1327	155	0
1328	155	0
1329	155	0
1330	155	0
1331	155	0
1332	156	0
1333	156	0
1334	156	0
1335	156	0
1336	156	0
1337	156	0
1338	157	0
1339	157	0
1340	157	0
1341	157	0
1342	158	0
1343	157	0
1344	158	0
1345	159	0
1346	159	0
1347	159	0
1348	159	0
1349	159	0
1350	159	0
1351	160	0
1352	159	0
1353	160	0
1354	160	0
1355	160	0
1356	160	0
1357	160	0
1358	161	0
1359	160	0
1360	161	0
1361	162	0
1362	163	0
1363	162	0
1364	163	0
1365	163	0
1366	163	0
1367	164	0
1368	164	0
1369	163	0
1370	164	0
1371	164	0
1372	165	0
1373	165	0
1374	165	0
1375	166	0
1376	166	0
1377	167	0
1378	167	0
1379	167	0
1380	167	0
1381	168	0
1382	167	0
1383	168	0
1384	168	0
1385	168	0
1386	168	0
1387	168	0
1388	169	0
1389	168	0
1390	169	0
1391	170	0
1392	171	0
1393	170	0
1394	171	0
1395	171	0
1396	171	0
1397	171	0
1398	171	0
1399	171	0
1400	172	0
1401	172	0
1402	171	0
1403	172	0
1404	172	0
1405	172	0
1406	172	0
1407	171	0
1408	172	0
1409	172	0
1410	172	0
1411	172	0
1412	172	0
1413	172	0
1414	172	0
1415	173	0
1416	172	0
1417	172	0
1418	172	0
1419	172	0
1420	172	0
1421	172	0
1422	172	0
1423	172	0
1424	172	0
1425	171	0
1426	172	0
1427	172	0
1428	171	0
1429	171	0
1430	170	0
1431	170	0
1432	171	0
1433	171	0
1434	169	0
1435	169	0
1436	168	0
1437	168	0
1438	168	0
1439	168	0
1440	167	0
1441	167	0
1442	166	0
1443	166	0
1444	166	0
1445	164	0
1446	164	0
1447	164	0
1448	163	0
1449	163	0
1450	163	0
1451	163	0
1452	162	0
1453	161	0
1454	161	0
1455	160	0
1456	161	0
1457	160	0
1458	159	0
1459	158	0
1460	157	0
1461	157	0
1462	156	0
1463	156	0
1464	156	0
1465	155	0
1466	155	0
1467	154	0
1468	152	0
1469	152	0
1470	151	0
1471	151	0
1472	151	0
1473	150	0
1474	149	0
1475	149	0
1476	148	0
1477	147	0
1478	147	0
1479	147	0
1480	147	0
1481	146	0
1482	144	0
1483	144	0
1484	144	0
1485	143	0
1486	143	0
1487	142	0
1488	141	0
1489	141	0
1490	140	0
1491	140	0
1492	139	0
1493	139	0
1494	139	0
1495	139	0
1496	138	0
1497	137	0
1498	136	0
1499	136	0
1500	136	0
1501	135	0
1502	135	0
1503	135	0
1504	134	0
1505	134	0
1506	133	0
1507	132	0
1508	132	0
1509	132	0
1510	132	0
1511	131	0
1512	131	0
1513	131	0
1514	131	0
1515	130	0
1516	130	0
1517	129	0
1518	129	0
1519	128	0
1520	128	0
1521	128	0
1522	127	0
1523	127	0
1524	126	0
1525	125	0
1526	125	0
1527	124	0
1528	124	0
1529	124	0
1530	123	0
1531	123	0
1532	123	0
1533	123	0
1534	121	0
1535	120	0
1536	120	0
1537	119	0
1538	119	0
1539	119	0
1540	117	0
1541	117	0
1542	116	0
1543	116	0
1544	115	0
1545	115	0
1546	114	0
1547	112	0
1548	112	0
1549	111	0
1550	111	0
1551	110	0
1552	109	0
1553	108	0
1554	108	0
1555	107	0
1556	107	0
1557	105	0
1558	104	0
1559	104	0
1560	103	0
1561	103	0
1562	101	0
1563	100	0
1564	100	0
1565	99	0
1566	99	0
1567	97	0
1568	96	0
1569	95	0
1570	95	0
1571	93	0
1572	92	0
1573	92	0
1574	91	0
1575	91	0
1576	89	0
1577	88	0
1578	88	0
1579	88	0
1580	88	0
1581	88	0
1582	88	0
1583	88	0
1584	87	0
1585	88	0
1586	87	0
1587	88	0
1588	87	0
1589	87	0
1590	87	0
1591	87	0
1592	87	0
1593	88	0
1594	88	0
1595	88	0
1596	87	0
1597	87	0
1598	87	0
1599	87	0
1600	88	0
1601	87	0
1602	87	0
1603	87	0
1604	87	0
1605	88	0
1606	87	0
1607	87	0
1608	87	0
1609	87	0
1610	88	0
1611	87	0
1612	88	0
1613	87	0
1614	87	0
1615	87	0
1616	87	0
1617	87	0
1618	87	0
1619	87	0
1620	87	0
1621	88	0
1622	87	0
1623	87	0
1624	87	0
1625	87	0
1626	87	0
1627	87	0
1628	87	0
1629	87	0
1630	87	0
1631	87	0
1632	87	0
1633	87	0
1634	87	0
1635	87	0
1636	87	0
1637	88	0
1638	87	0
1639	87	0
1640	87	0
1641	87	0
1642	87	0
1643	88	0
1644	88	0
1645	87	0
1646	87	0
1647	87	0
1648	87	0
1649	87	0
1650	88	0
1651	87	0
1652	87	0
1653	87	0
1654	87	0
1655	88	0
1656	87	0
1657	87	0
1658	87	0
1659	88	0
1660	88	0
1661	87	0
1662	87	0
1663	87	0
1664	88	0
1665	87	0
1666	88	0
1667	87	0
1668	87	0
1669	87	0
1670	88	0
1671	88	0
1672	87	0
1673	87	0
1674	87	0
1675	88	0
1676	87	0
1677	88	0
1678	87	0
1679	87	0
1680	87	0
1681	88	0
1682	87	0
1683	87	0
1684	88	0
1685	87	0
1686	87	0
1687	87	0
1688	88	0
1689	88	0
1690	87	0
1691	87	0
1692	88	0
1693	87	0
1694	87	0
1695	88	0
1696	88	0
1697	87	0
1698	87	0
1699	87	0
1700	88	0
1701	87	0
1702	87	0
1703	87	0
1704	88	0
1705	87	0
1706	88	0
1707	87	0
1708	87	0
1709	87	0
1710	88	0
1711	88	0
1712	88	0
1713	88	0
1714	88	0
1715	88	0
1716	88	0
1717	88	0
1718	89	0
1719	88	0
1720	89	0
1721	89	0
1722	90	0
1723	89	0
1724	90	0
1725	89	0
1726	89	0
1727	91	0
1728	91	0
1729	91	0
1730	91	0
1731	91	0
1732	91	0
1733	91	0
1734	92	0
1735	92	0
1736	91	0
1737	91	0
1738	92	0
1739	92	0
1740	93	0
1741	93	0
1742	93	0
1743	93	0
1744	95	0
1745	95	0
1746	95	0
1747	95	0
1748	95	0
1749	95	0
1750	95	0
1751	96	0
1752	96	0
1753	95	0
1754	97	0
1755	97	0
1756	97	0
1757	97	0
1758	97	0
1759	97	0
1760	99	0
1761	99	0
1762	99	0
1763	99	0
1764	99	0
1765	99	0
1766	100	0
1767	100	0
1768	100	0
1769	101	0
1770	101	0
1771	101	0
1772	102	0
1773	102	0
1774	102	0
1775	103	0
1776	103	0
1777	103	0
1778	103	0
1779	103	0
1780	103	0
1781	103	0
1782	104	0
1783	104	0
1784	104	0
1785	104	0
1786	105	0
1787	104	0
1788	104	0
1789	104	0
1790	104	0
1791	105	0
1792	104	0
1793	104	0
1794	104	0
1795	104	0
1796	104	0
1797	105	0
1798	105	0
1799	105	0
1800	104	0
1801	104	0
1802	104	0
1803	105	0
1804	105	0
1805	105	0
1806	105	0
1807	105	0
1808	105	0
1809	104	0
1810	104	0
1811	105	0
1812	105	0
1813	105	0
1814	104	0
1815	105	0
1816	105	0
1817	105	0
1818	105	0
1819	104	0
1820	105	0
1821	105	0
1822	105	0
1823	105	0
1824	104	0
1825	104	0
1826	104	0
1827	103	0
1828	103	0
1829	103	0
1830	101	0
1831	100	0
1832	100	0
1833	99	0
1834	99	0
1835	99	0
1836	99	0
1837	99	0
1838	99	0
1839	100	0
1840	100	0
1841	100	0
1842	100	0
1843	101	0
1844	100	0
1845	102	0
1846	101	0
1847	103	0
1848	103	0
1849	103	0
1850	103	0
1851	103	0
1852	103	0
1853	103	0
1854	104	0
1855	104	0
1856	104	0
1857	104	0
1858	105	0
1859	105	0
1860	106	0
1861	106	0
1862	107	0
1863	106	0
1864	107	0
1865	107	0
1866	107	0
1867	107	0
1868	108	0
1869	108	0
1870	109	0
1871	109	0
1872	109	0
1873	109	0
1874	110	0
1875	110	0
1876	111	0
1877	111	0
1878	111	0
1879	111	0
1880	112	0
1881	111	0
1882	112	0
1883	113	0
1884	112	0
1885	113	0
1886	114	0
1887	115	0
1888	115	0
1889	115	0
1890	115	0
1891	116	0
1892	116	0
1893	116	0
1894	117	0
1895	117	0
1896	119	0
1897	119	0
1898	119	0
1899	119	0
1900	119	0
1901	119	0
1902	120	0
1903	120	0
1904	120	0
1905	121	0
1906	121	0
1907	122	0
1908	123	0
1909	123	0
1910	123	0
1911	123	0
1912	123	0
1913	124	0
1914	124	0
1915	125	0
1916	127	0
1917	126	0
1918	127	0
1919	127	0
1920	128	0
1921	128	0
1922	128	0
1923	128	0
1924	129	0
1925	130	0
1926	131	0
1927	131	0
1928	131	0
1929	131	0
1930	132	0
1931	133	0
1932	132	0
1933	134	0
1934	135	0
1935	135	0
1936	135	0
1937	135	0
1938	136	0
1939	136	0
1940	137	0
1941	137	0
1942	139	0
1943	139	0
1944	139	0
1945	140	0
1946	140	0
1947	141	0
1948	142	0
1949	143	0
1950	143	0
1951	143	0
1952	143	0
1953	144	0
1954	144	0
1955	145	0
1956	146	0
1957	147	0
1958	147	0
1959	147	0
1960	147	0
1961	148	0
1962	149	0
1963	150	0
1964	150	0
1965	151	0
1966	152	0
1967	152	0
1968	152	0
1969	153	0
1970	154	0
1971	154	0
1972	154	0
1973	155	0
1974	155	0
1975	155	0
1976	156	0
1977	156	0
1978	156	0
1979	157	0
1980	157	0
1981	159	0
1982	159	0
1983	159	0
1984	159	0
1985	161	0
1986	160	0
1987	160	0
1988	161	0
1989	161	0
1990	162	0
1991	163	0
1992	163	0
1993	163	0
1994	163	0
1995	164	0
1996	164	0
1997	165	0
1998	165	0
1999	165	0
2000	166	0
2001	167	0
2002	167	0
2003	167	0
2004	168	0
2005	168	0
2006	168	0
2007	168	0
2008	169	0
2009	169	0
2010	170	0
2011	171	0
2012	171	0
2013	171	0
2014	172	0
2015	172	0
2016	172	0
2017	172	0
2018	172	0
2019	172	0
2020	172	0
2021	174	0
2022	173	0
2023	173	0
2024	175	0
2025	175	0
2026	175	0
2027	176	0
2028	176	0
2029	176	0
2030	176	0
2031	176	0
2032	177	0
2033	177	0
2034	179	0
2035	179	0
2036	179	0
2037	179	0
2038	180	0
2039	180	0
2040	180	0
2041	181	0
2042	181	0
2043	181	0
2044	182	0
2045	183	0
2046	183	0
2047	183	0
2048	183	0
2049	183	0
2050	183	0
2051	183	0
2052	184	0
2053	184	0
2054	183	0
2055	184	0
2056	184	0
2057	184	0
2058	185	0
2059	185	0
2060	185	0
2061	185	0
2062	186	0
2063	185	0
2064	186	0
2065	186	0
2066	186	0
2067	186	0
2068	185	0
2069	186	0
2070	186	0
2071	187	0
2072	187	0
2073	187	0
2074	186	0
2075	187	0
2076	187	0
2077	187	0
2078	187	0
2079	186	0
2080	185	0
2081	187	0
2082	187	0
2083	187	0
2084	187	0
2085	187	0
2086	187	0
2087	186	0
2088	186	0
2089	187	0
2090	187	0
2091	187	0
2092	187	0
2093	187	0
2094	187	0
2095	187	0
2096	187	0
2097	187	0
2098	187	0
2099	187	0
2100	187	0
2101	187	0
2102	187	0
2103	187	0
2104	187	0
2105	187	0
2106	187	0
2107	187	0
2108	187	0
2109	187	0
2110	187	0
2111	187	0
2112	187	0
2113	187	0
2114	187	0
2115	187	0
2116	187	0
2117	187	0
2118	187	0
2119	187	0
2120	187	0
2121	187	0
2122	187	0
2123	187	0
2124	187	0
2125	187	0
2126	187	0
2127	187	0
2128	187	0
2129	187	0
2130	187	0
2131	187	0
2132	187	0
2133	187	0
2134	187	0
2135	187	0
2136	187	0
2137	187	0
2138	187	0
2139	187	0
2140	187	0
2141	187	0
2142	187	0
2143	187	0
2144	187	0
2145	187	0
2146	187	0
2147	187	0
2148	187	0
2149	187	0
2150	187	0
2151	187	0
2152	187	0
2153	187	0
2154	187	0
2155	187	0
2156	187	0
2157	187	0
2158	187	0
2159	187	0
2160	187	0
2161	187	0
2162	187	0
2163	187	0
2164	187	0
2165	187	0
2166	187	0
2167	187	0
2168	188	0
2169	188	0
2170	187	0
2171	188	0
2172	188	0
2173	188	0
2174	188	0
2175	188	0
2176	188	0
2177	188	0
2178	188	0
2179	188	0
2180	188	0
2181	188	0
2182	188	0
2183	188	0
2184	188	0
2185	189	0
2186	188	0
2187	188	0
2188	189	0
2189	189	0
2190	189	0
2191	189	0
2192	189	0
2193	189	0
2194	189	0
2195	189	0
2196	189	0
2197	189	0
2198	189	0
2199	189	0
2200	189	0
2201	188	0
2202	188	0
2203	189	0
2204	191	0
2205	189	0
2206	190	0
2207	189	0
2208	189	0
2209	189	0
2210	189	0
2211	189	0
2212	189	0
2213	189	0
2214	190	0
2215	189	0
2216	190	0
2217	189	0
2218	189	0
2219	189	0
2220	189	0
2221	190	0
2222	189	0
2223	189	0
2224	189	0
2225	189	0
2226	190	0
2227	189	0
2228	189	0
2229	189	0
2230	189	0
2231	189	0
2232	190	0
2233	189	0
2234	189	0
2235	189	0
2236	189	0
2237	189	0
2238	190	0
2239	189	0
2240	191	0
2241	189	0
2242	189	0
2243	189	0
2244	189	0
2245	189	0
2246	189	0
2247	189	0
2248	190	0
2249	189	0
2250	190	0
2251	190	0
2252	190	0
2253	189	0
2254	189	0
2255	189	0
2256	189	0
2257	189	0
2258	191	0
2259	189	0
2260	190	0
2261	189	0
2262	189	0
2263	189	0
2264	190	0
2265	190	0
2266	189	0
2267	189	0
2268	190	0
2269	189	0
2270	189	0
2271	189	0
2272	190	0
2273	189	0
2274	190	0
2275	190	0
2276	190	0
2277	189	0
2278	190	0
2279	189	0
2280	191	0
2281	190	0
2282	189	0
2283	189	0
2284	190	0
2285	189	0
2286	189	0
2287	189	0
2288	189	0
2289	189	0
2290	189	0
2291	190	0
2292	190	0
2293	189	0
2294	188	0
2295	190	0
2296	190	0
2297	189	0
2298	189	0
2299	189	0
2300	189	0
2301	190	0
2302	189	0
2303	190	0
2304	189	0
2305	189	0
2306	189	0
2307	189	0
2308	189	0
2309	189	0
2310	190	0
2311	189	0
2312	190	0
2313	189	0
2314	189	0
2315	189	0
2316	189	0
2317	189	0
2318	189	0
2319	189	0
2320	189	0
2321	189	0
2322	190	0
2323	189	0
2324	189	0
2325	188	0
2326	189	0
2327	190	0
2328	189	0
2329	190	0
2330	189	0
2331	189	0
2332	189	0
2333	189	0
2334	191	0
2335	190	0
2336	190	0
2337	190	0
2338	189	0
2339	189	0
2340	190	0
2341	189	0
2342	190	0
2343	189	0
2344	189	0
2345	189	0
2346	190	0
2347	191	0
2348	190	0
2349	189	0
2350	190	0
2351	189	0
2352	189	0
2353	191	0
2354	189	0
2355	189	0
2356	189	0
2357	189	0
2358	189	0
2359	191	0
2360	190	0
2361	189	0
2362	189	0
2363	190	0
2364	189	0
2365	190	0
2366	190	0
2367	189	0
2368	189	0
2369	189	0
2370	189	0
2371	189	0
2372	190	0
2373	190	0
2374	190	0
2375	190	0
2376	191	0
2377	190	0
2378	190	0
2379	190	0
2380	190	0
2381	191	0
2382	191	0
2383	190	0
2384	188	0
2385	190	0
2386	190	0
2387	191	0
2388	189	0
2389	190	0
2390	189	0
2391	190	0
2392	190	0
2393	190	0
2394	189	0
2395	191	0
2396	190	0
2397	189	0
2398	189	0
2399	189	0
2400	190	0
2401	191	0
2402	189	0
2403	190	0
2404	191	0
2405	191	0
2406	191	0
2407	191	0
2408	189	0
2409	189	0
2410	189	0
2411	189	0
2412	190	0
2413	191	0
2414	191	0
2415	190	0
2416	191	0
2417	189	0
2418	189	0
2419	189	0
2420	189	0
2421	189	0
2422	189	0
2423	189	0
2424	189	0
2425	189	0
2426	189	0
2427	189	0
2428	189	0
2429	189	0
2430	189	0
2431	189	0
2432	190	0
2433	189	0
2434	188	0
2435	189	0
2436	189	0
2437	189	0
2438	189	0
2439	189	0
2440	189	0
2441	189	0
2442	189	0
2443	190	0
2444	190	0
2445	188	0
2446	189	0
2447	189	0
2448	189	0
2449	189	0
2450	189	0
2451	189	0
2452	188	0
2453	188	0
2454	189	0
2455	189	0
2456	189	0
2457	188	0
2458	188	0
2459	188	0
2460	189	0
2461	189	0
2462	189	0
2463	189	0
2464	188	0
2465	188	0
2466	188	0
2467	188	0
2468	189	0
2469	188	0
2470	189	0
2471	188	0
2472	188	0
2473	188	0
2474	188	0
2475	189	0
2476	188	0
2477	188	0
2478	188	0
2479	188	0
2480	188	0
2481	188	0
2482	188	0
2483	188	0
2484	188	0
2485	188	0
2486	188	0
2487	188	0
2488	188	0
2489	188	0
2490	187	0
2491	187	0
2492	187	0
2493	187	0
2494	187	0
2495	187	0
2496	187	0
2497	187	0
2498	186	0
2499	186	0
2500	185	0
2501	184	0
2502	184	0
2503	184	0
2504	183	0
2505	183	0
2506	183	0
2507	182	0
2508	181	0
2509	179	0
2510	179	0
2511	179	0
2512	179	0
2513	179	0
2514	177	0
2515	176	0
2516	176	0
2517	175	0
2518	175	0
2519	175	0
2520	173	0
2521	172	0
2522	171	0
2523	171	0
2524	170	0
2525	169	0
2526	168	0
2527	168	0
2528	167	0
2529	167	0
2530	165	0
2531	165	0
2532	165	0
2533	164	0
2534	163	0
2535	163	0
2536	162	0
2537	160	0
2538	160	0
2539	160	0
2540	159	0
2541	159	0
2542	159	0
2543	157	0
2544	156	0
2545	156	0
2546	155	0
2547	155	0
2548	153	0
2549	153	0
2550	152	0
2551	152	0
2552	151	0
2553	151	0
2554	151	0
2555	149	0
2556	148	0
2557	147	0
2558	147	0
2559	147	0
2560	145	0
2561	144	0
2562	144	0
2563	144	0
2564	143	0
2565	143	0
2566	141	0
2567	140	0
2568	139	0
2569	139	0
2570	138	0
2571	137	0
2572	136	0
2573	135	0
2574	135	0
2575	135	0
2576	133	0
2577	132	0
2578	131	0
2579	131	0
2580	131	0
2581	129	0
2582	128	0
2583	128	0
2584	127	0
2585	127	0
2586	126	0
2587	125	0
2588	125	0
2589	124	0
2590	123	0
2591	123	0
2592	123	0
2593	122	0
2594	120	0
2595	120	0
2596	120	0
2597	120	0
2598	119	0
2599	119	0
2600	119	0
2601	117	0
2602	117	0
2603	116	0
2604	116	0
2605	116	0
2606	115	0
2607	115	0
2608	115	0
2609	113	0
2610	113	0
2611	113	0
2612	113	0
2613	113	0
2614	112	0
2615	112	0
2616	112	0
2617	111	0
2618	111	0
2619	111	0
2620	111	0
2621	111	0
2622	110	0
2623	110	0
2624	110	0
2625	110	0
2626	109	0
2627	109	0
2628	109	0
2629	109	0
2630	109	0
2631	108	0
2632	108	0
2633	108	0
2634	108	0
2635	108	0
2636	108	0
2637	108	0
2638	108	0
2639	107	0
2640	108	0
2641	107	0
2642	108	0
2643	108	0
2644	107	0
2645	108	0
2646	107	0
2647	108	0
2648	108	0
2649	107	0
2650	107	0
2651	107	0
2652	107	0
2653	107	0
2654	107	0
2655	107	0
2656	107	0
2657	107	0
2658	107	0
2659	107	0
2660	107	0
2661	107	0
2662	107	0
2663	107	0
2664	106	0
2665	107	0
2666	107	0
2667	107	0
2668	107	0
2669	107	0
2670	107	0
2671	107	0
2672	107	0
2673	107	0
2674	107	0
2675	106	0
2676	106	0
2677	106	0
2678	105	0
2679	106	0
2680	105	0
2681	105	0
2682	105	0
2683	105	0
2684	104	0
2685	105	0
2686	104	0
2687	104	0
2688	104	0
2689	105	0
2690	104	0
2691	104	0
2692	104	0
2693	104	0
2694	104	0
2695	104	0
2696	104	0
2697	104	0
2698	104	0
2699	104	0
2700	103	0
2701	103	0
2702	103	0
2703	103	0
2704	103	0
2705	103	0
2706	103	0
2707	103	0
2708	103	0
2709	103	0
2710	103	0
2711	103	0
2712	103	0
2713	103	0
2714	103	0
2715	103	0
2716	103	0
2717	103	0
2718	103	0
2719	103	0
2720	103	0
2721	103	0
2722	103	0
2723	103	0
2724	103	0
2725	103	0
2726	103	0
2727	103	0
2728	103	0
2729	103	0
2730	103	0
2731	103	0
2732	103	0
2733	103	0
2734	103	0
2735	103	0
2736	104	0
2737	104	0
2738	104	0
2739	104	0
2740	104	0
2741	104	0
2742	104	0
2743	105	0
2744	105	0
2745	105	0
2746	106	0
2747	106	0
2748	107	0
2749	107	0
2750	107	0
2751	107	0
2752	107	0
2753	107	0
2754	107	0
2755	107	0
2756	108	0
2757	107	0
2758	108	0
2759	108	0
2760	108	0
2761	109	0
2762	108	0
2763	108	0
2764	109	0
2765	109	0
2766	109	0
2767	109	0
2768	110	0
2769	110	0
2770	111	0
2771	111	0
2772	111	0
2773	111	0
2774	111	0
2775	111	0
2776	111	0
2777	112	0
2778	112	0
2779	112	0
2780	112	0
2781	112	0
2782	113	0
2783	113	0
2784	113	0
2785	113	0
2786	115	0
2787	115	0
2788	115	0
2789	115	0
2790	115	0
2791	115	0
2792	115	0
2793	116	0
2794	116	0
2795	116	0
2796	116	0
2797	116	0
2798	117	0
2799	117	0
2800	117	0
2801	118	0
2802	119	0
2803	119	0
2804	118	0
2805	119	0
2806	119	0
2807	119	0
2808	119	0
2809	119	0
2810	119	0
2811	119	0
2812	119	0
2813	120	0
2814	120	0
2815	120	0
2816	120	0
2817	120	0
2818	120	0
2819	120	0
2820	121	0
2821	121	0
2822	122	0
2823	122	0
2824	122	0
2825	123	0
2826	121	0
2827	123	0
2828	123	0
2829	123	0
2830	123	0
2831	123	0
2832	123	0
2833	123	0
2834	123	0
2835	123	0
2836	124	0
2837	124	0
2838	124	0
2839	124	0
2840	124	0
2841	124	0
2842	124	0
2843	125	0
2844	125	0
2845	125	0
2846	125	0
2847	125	0
2848	126	0
2849	127	0
2850	125	0
2851	126	0
2852	127	0
2853	127	0
2854	127	0
2855	127	0
2856	127	0
2857	127	0
2858	127	0
2859	127	0
2860	128	0
2861	127	0
2862	128	0
2863	128	0
2864	128	0
2865	128	0
2866	128	0
2867	128	0
2868	128	0
2869	129	0
2870	129	0
2871	129	0
2872	131	0
2873	130	0
2874	131	0
2875	131	0
2876	131	0
2877	131	0
2878	131	0
2879	131	0
2880	131	0
2881	131	0
2882	131	0
2883	131	0
2884	132	0
2885	131	0
2886	132	0
2887	132	0
2888	132	0
2889	132	0
2890	133	0
2891	133	0
2892	133	0
2893	133	0
2894	133	0
2895	134	0
2896	135	0
2897	135	0
2898	135	0
2899	134	0
2900	135	0
2901	135	0
2902	135	0
2903	135	0
2904	135	0
2905	135	0
2906	135	0
2907	135	0
2908	135	0
2909	135	0
2910	136	0
2911	136	0
2912	136	0
2913	137	0
2914	136	0
2915	136	0
2916	137	0
2917	137	0
2918	137	0
2919	138	0
2920	138	0
2921	139	0
2922	139	0
2923	139	0
2924	139	0
2925	139	0
2926	139	0
2927	139	0
2928	140	0
2929	139	0
2930	140	0
2931	141	0
2932	140	0
2933	141	0
2934	141	0
2935	142	0
2936	142	0
2937	143	0
2938	143	0
2939	143	0
2940	143	0
2941	143	0
2942	143	0
2943	144	0
2944	143	0
2945	144	0
2946	144	0
2947	144	0
2948	145	0
2949	145	0
2950	145	0
2951	145	0
2952	146	0
2953	146	0
2954	146	0
2955	147	0
2956	147	0
2957	147	0
2958	147	0
2959	147	0
2960	147	0
2961	148	0
2962	148	0
2963	149	0
2964	149	0
2965	148	0
2966	149	0
2967	150	0
2968	149	0
2969	150	0
2970	151	0
2971	151	0
2972	151	0
2973	151	0
2974	151	0
2975	151	0
2976	152	0
2977	152	0
2978	152	0
2979	152	0
2980	152	0
2981	153	0
2982	153	0
2983	154	0
2984	154	0
2985	154	0
2986	155	0
2987	155	0
2988	155	0
2989	155	0
2990	156	0
2991	155	0
2992	156	0
2993	156	0
2994	156	0
2995	156	0
2996	157	0
2997	157	0
2998	157	0
2999	157	0
3000	158	0
3001	158	0
3002	157	0
3003	158	0
3004	159	0
3005	159	0
3006	159	0
3007	159	0
3008	159	0
3009	159	0
3010	160	0
3011	160	0
3012	160	0
3013	160	0
3014	160	0
3015	160	0
3016	160	0
3017	160	0
3018	161	0
3019	162	0
3020	162	0
3021	162	0
3022	162	0
3023	163	0
3024	163	0
3025	163	0
3026	163	0
3027	163	0
3028	163	0
3029	164	0
3030	164	0
3031	163	0
3032	164	0
3033	164	0
3034	164	0
3035	164	0
3036	164	0
3037	165	0
3038	165	0
3039	165	0
3040	167	0
3041	167	0
3042	166	0
3043	167	0
3044	167	0
3045	167	0
3046	167	0
3047	167	0
3048	167	0
3049	167	0
3050	168	0
3051	168	0
3052	168	0
3053	168	0
3054	169	0
3055	168	0
3056	169	0
3057	168	0
3058	169	0
3059	170	0
3060	169	0
3061	170	0
3062	170	0
3063	171	0
3064	171	0
3065	171	0
3066	171	0
3067	171	0
3068	171	0
3069	171	0
3070	171	0
3071	171	0
3072	171	0
3073	172	0
3074	171	0
3075	172	0
3076	172	0
3077	172	0
3078	173	0
3079	172	0
3080	172	0
3081	173	0
3082	174	0
3083	173	0
3084	174	0
3085	173	0
3086	175	0
3087	175	0
3088	174	0
3089	174	0
3090	175	0
3091	175	0
3092	175	0
3093	175	0
3094	175	0
3095	175	0
3096	175	0
3097	175	0
3098	175	0
3099	175	0
3100	175	0
3101	175	0
3102	175	0
3103	175	0
3104	175	0
3105	175	0
3106	176	0
3107	175	0
3108	175	0
3109	175	0
3110	175	0
3111	175	0
3112	176	0
3113	175	0
3114	175	0
3115	176	0
3116	176	0
3117	175	0
3118	176	0
3119	176	0
3120	176	0
3121	176	0
3122	177	0
3123	176	0
3124	176	0
3125	176	0
3126	176	0
3127	176	0
3128	176	0
3129	176	0
3130	176	0
3131	176	0
3132	176	0
3133	176	0
3134	176	0
3135	176	0
3136	176	0
3137	177	0
3138	176	0
3139	177	0
3140	176	0
3141	177	0
3142	177	0
3143	178	0
3144	177	0
3145	177	0
3146	177	0
3147	179	0
3148	179	0
3149	179	0
3150	179	0
3151	179	0
3152	178	0
3153	179	0
3154	179	0
3155	179	0
3156	179	0
3157	179	0
3158	179	0
3159	179	0
3160	179	0
3161	179	0
3162	179	0
3163	179	0
3164	179	0
3165	179	0
3166	179	0
3167	179	0
3168	179	0
3169	179	0
3170	179	0
3171	179	0
3172	180	0
3173	180	0
3174	180	0
3175	179	0
3176	179	0
3177	179	0
3178	180	0
3179	179	0
3180	179	0
3181	179	0
3182	180	0
3183	179	0
3184	180	0
3185	179	0
3186	180	0
3187	179	0
3188	180	0
3189	180	0
3190	180	0
3191	180	0
3192	180	0
3193	180	0
3194	180	0
3195	180	0
3196	180	0
3197	179	0
3198	179	0
3199	180	0
3200	180	0
3201	179	0
3202	180	0
3203	180	0
3204	179	0
3205	179	0
3206	180	0
3207	180	0
3208	180	0
3209	180	0
3210	179	0
3211	180	0
3212	180	0
3213	179	0
3214	180	0
3215	180	0
3216	180	0
3217	180	0
3218	180	0
3219	180	0
3220	180	0
3221	180	0
3222	180	0
3223	180	0
3224	180	0
3225	180	0
3226	180	0
3227	180	0
3228	180	0
3229	180	0
3230	180	0
3231	180	0
3232	180	0
3233	180	0
3234	180	0
3235	180	0
3236	180	0
3237	179	0
3238	180	0
3239	179	0
3240	179	0
3241	179	0
3242	179	0
3243	179	0
3244	179	0
3245	180	0
3246	179	0
3247	179	0
3248	179	0
3249	179	0
3250	179	0
3251	179	0
3252	179	0
3253	179	0
3254	179	0
3255	179	0
3256	179	0
3257	179	0
3258	179	0
3259	179	0
3260	179	0
3261	179	0
3262	179	0
3263	179	0
3264	179	0
3265	179	0
3266	179	0
3267	179	0
3268	179	0
3269	179	0
3270	179	0
3271	179	0
3272	179	0
3273	179	0
3274	179	0
3275	179	0
3276	179	0
3277	179	0
3278	179	0
3279	179	0
3280	179	0
3281	179	0
3282	179	0
3283	179	0
3284	179	0
3285	179	0
3286	179	0
3287	179	0
3288	179	0
3289	179	0
3290	179	0
3291	179	0
3292	179	0
3293	179	0
3294	179	0
3295	179	0
3296	179	0
3297	179	0
3298	179	0
3299	179	0
3300	179	0
3301	179	0
3302	179	0
3303	179	0
3304	179	0
3305	179	0
3306	179	0
3307	179	0
3308	179	0
3309	178	0
3310	179	0
3311	177	0
3312	179	0
3313	179	0
3314	176	0
3315	178	0
3316	176	0
3317	177	0
3318	177	0
3319	176	0
3320	176	0
3321	176	0
3322	176	0
3323	176	0
3324	176	0
3325	175	0
3326	175	0
3327	175	0
3328	175	0
3329	175	0
3330	175	0
3331	174	0
3332	174	0
3333	174	0
3334	173	0
3335	173	0
3336	172	0
3337	172	0
3338	171	0
3339	172	0
3340	171	0
3341	171	0
3342	171	0
3343	171	0
3344	171	0
3345	171	0
3346	170	0
3347	170	0
3348	169	0
3349	169	0
3350	169	0
3351	168	0
3352	168	0
3353	168	0
3354	168	0
3355	167	0
3356	167	0
3357	167	0
3358	167	0
3359	167	0
3360	167	0
3361	167	0
3362	167	0
3363	165	0
3364	165	0
3365	167	0
3366	166	0
3367	165	0
3368	165	0
3369	165	0
3370	165	0
3371	165	0
3372	164	0
3373	164	0
3374	164	0
3375	164	0
3376	164	0
3377	164	0
3378	164	0
3379	164	0
3380	164	0
3381	164	0
3382	164	0
3383	163	0
3384	164	0
3385	164	0
3386	163	0
3387	164	0
3388	163	0
3389	163	0
3390	164	0
3391	164	0
3392	163	0
3393	163	0
3394	163	0
3395	163	0
3396	164	0
3397	163	0
3398	163	0
3399	164	0
3400	163	0
3401	164	0
3402	163	0
3403	164	0
3404	163	0
3405	163	0
3406	163	0
3407	163	0
3408	163	0
3409	163	0
3410	164	0
3411	163	0
3412	163	0
3413	163	0
3414	163	0
3415	163	0
3416	163	0
3417	163	0
3418	163	0
3419	163	0
3420	163	0
3421	163	0
3422	163	0
3423	163	0
3424	163	0
3425	163	0
3426	163	0
3427	163	0
3428	163	0
3429	163	0
3430	163	0
3431	163	0
3432	163	0
3433	162	0
3434	162	0
3435	162	0
3436	162	0
3437	161	0
3438	161	0
3439	161	0
3440	161	0
3441	160	0
3442	160	0
3443	160	0
3444	160	0
3445	160	0
3446	160	0
3447	160	0
3448	159	0
3449	159	0
3450	159	0
3451	159	0
3452	159	0
3453	157	0
3454	158	0
3455	157	0
3456	157	0
3457	157	0
3458	157	0
3459	156	0
3460	156	0
3461	156	0
3462	156	0
3463	155	0
3464	155	0
3465	155	0
3466	155	0
3467	155	0
3468	155	0
3469	153	0
3470	153	0
3471	152	0
3472	152	0
3473	152	0
3474	152	0
3475	151	0
3476	151	0
3477	151	0
3478	151	0
3479	151	0
3480	151	0
3481	150	0
3482	149	0
3483	149	0
3484	149	0
3485	148	0
3486	148	0
3487	148	0
3488	147	0
3489	148	0
3490	147	0
3491	147	0
3492	147	0
3493	147	0
3494	147	0
3495	147	0
3496	147	0
3497	146	0
3498	145	0
3499	146	0
3500	145	0
3501	145	0
3502	144	0
3503	144	0
3504	144	0
3505	144	0
3506	144	0
3507	144	0
3508	143	0
3509	143	0
3510	143	0
3511	143	0
3512	143	0
3513	143	0
3514	143	0
3515	142	0
3516	143	0
3517	143	0
3518	143	0
3519	142	0
3520	142	0
3521	142	0
3522	141	0
3523	141	0
3524	141	0
3525	140	0
3526	140	0
3527	141	0
3528	140	0
3529	140	0
3530	140	0
3531	140	0
3532	139	0
3533	140	0
3534	139	0
3535	140	0
3536	140	0
3537	140	0
3538	140	0
3539	139	0
3540	139	0
3541	139	0
3542	139	0
3543	139	0
3544	139	0
3545	139	0
3546	139	0
3547	139	0
3548	139	0
3549	139	0
3550	139	0
3551	139	0
3552	139	0
3553	139	0
3554	139	0
3555	139	0
3556	139	0
3557	139	0
3558	139	0
3559	139	0
3560	138	0
3561	138	0
3562	138	0
3563	139	0
3564	139	0
3565	139	0
3566	138	0
3567	139	0
3568	138	0
3569	139	0
3570	138	0
3571	138	0
3572	138	0
3573	138	0
3574	138	0
3575	138	0
3576	138	0
3577	138	0
3578	137	0
3579	137	0
3580	137	0
3581	137	0
3582	138	0
3583	137	0
3584	138	0
3585	139	0
3586	137	0
3587	137	0
3588	139	0
3589	137	0
3590	138	0
3591	137	0
3592	137	0
3593	137	0
3594	137	0
3595	138	0
3596	137	0
3597	137	0
3598	137	0
3599	137	0
3600	137	0
3601	137	0
3602	136	0
3603	137	0
3604	137	0
3605	137	0
3606	137	0
3607	137	0
3608	137	0
3609	137	0
3610	136	0
3611	137	0
3612	137	0
3613	137	0
3614	137	0
3615	137	0
3616	137	0
3617	137	0
3618	137	0
3619	137	0
3620	136	0
3621	137	0
3622	137	0
3623	137	0
3624	137	0
3625	136	0
3626	137	0
3627	137	0
3628	137	0
3629	137	0
3630	137	0
3631	136	0
3632	137	0
3633	137	0
3634	137	0
3635	137	0
3636	137	0
3637	137	0
3638	137	0
3639	137	0
3640	136	0
3641	136	0
3642	136	0
3643	137	0
3644	137	0
3645	136	0
3646	137	0
3647	136	0
3648	137	0
3649	137	0
3650	136	0
3651	137	0
3652	137	0
3653	136	0
3654	136	0
3655	137	0
3656	136	0
3657	136	0
3658	136	0
3659	136	0
3660	137	0
3661	137	0
3662	137	0
3663	137	0
3664	136	0
3665	137	0
3666	136	0
3667	136	0
3668	136	0
3669	136	0
3670	137	0
3671	137	0
3672	137	0
3673	137	0
3674	136	0
3675	137	0
3676	136	0
3677	137	0
3678	137	0
3679	137	0
3680	136	0
3681	136	0
3682	136	0
3683	136	0
3684	136	0
3685	137	0
3686	136	0
3687	136	0
3688	136	0
3689	137	0
3690	136	0
3691	137	0
3692	136	0
3693	136	0
3694	136	0
3695	136	0
3696	137	0
3697	137	0
3698	137	0
3699	136	0
3700	136	0
3701	136	0
3702	136	0
3703	137	0
3704	136	0
3705	137	0
3706	136	0
3707	137	0
3708	136	0
3709	136	0
3710	136	0
3711	136	0
3712	136	0
3713	136	0
3714	136	0
3715	136	0
3716	136	0
3717	136	0
3718	136	0
3719	136	0
3720	136	0
3721	136	0
3722	136	0
3723	137	0
3724	136	0
3725	136	0
3726	137	0
3727	136	0
3728	136	0
3729	137	0
3730	136	0
3731	136	0
3732	136	0
3733	136	0
3734	136	0
3735	136	0
3736	136	0
3737	136	0
3738	136	0
3739	137	0
3740	137	0
3741	136	0
3742	136	0
3743	136	0
3744	136	0
3745	136	0
3746	136	0
3747	136	0
3748	136	0
3749	136	0
3750	137	0
3751	137	0
3752	136	0
3753	136	0
3754	136	0
3755	136	0
3756	136	0
3757	136	0
3758	136	0
3759	136	0
3760	136	0
3761	137	0
3762	136	0
3763	136	0
3764	136	0
3765	136	0
3766	136	0
3767	136	0
3768	136	0
3769	136	0
3770	136	0
3771	136	0
3772	136	0
3773	136	0
3774	136	0
3775	136	0
3776	136	0
3777	136	0
3778	136	0
3779	136	0
3780	136	0
3781	136	0
3782	136	0
3783	136	0
3784	136	0
3785	136	0
3786	136	0
3787	137	0
3788	137	0
3789	136	0
3790	136	0
3791	136	0
3792	136	0
3793	136	0
3794	136	0
3795	136	0
3796	136	0
3797	136	0
3798	136	0
3799	136	0
3800	136	0
3801	136	0
3802	136	0
3803	137	0
3804	136	0
3805	136	0
3806	136	0
3807	136	0
3808	136	0
3809	137	0
3810	136	0
3811	136	0
3812	136	0
3813	137	0
3814	136	0
3815	136	0
3816	136	0
3817	136	0
3818	136	0
3819	136	0
3820	136	0
3821	136	0
3822	136	0
3823	136	0
3824	136	0
3825	137	0
3826	137	0
3827	136	0
3828	136	0
3829	136	0
3830	136	0
3831	137	0
3832	137	0
3833	136	0
3834	136	0
3835	136	0
3836	136	0
3837	136	0
3838	136	0
3839	136	0
3840	137	0
3841	137	0
3842	136	0
3843	136	0
3844	136	0
3845	136	0
3846	137	0
3847	137	0
3848	136	0
3849	136	0
3850	137	0
3851	136	0
3852	136	0
3853	136	0
3854	137	0
3855	136	0
3856	136	0
3857	136	0
3858	137	0
3859	137	0
3860	136	0
3861	136	0
3862	136	0
3863	137	0
3864	136	0
3865	136	0
3866	136	0
3867	136	0
3868	136	0
3869	136	0
3870	136	0
3871	136	0
3872	137	0
3873	137	0
3874	136	0
3875	136	0
3876	137	0
3877	137	0
3878	136	0
3879	137	0
3880	136	0
3881	137	0
3882	136	0
3883	137	0
3884	136	0
3885	136	0
3886	137	0
3887	137	0
3888	137	0
3889	137	0
3890	137	0
3891	136	0
3892	136	0
3893	136	0
3894	136	0
3895	137	0
3896	137	0
3897	136	0
3898	137	0
3899	137	0
3900	136	0
3901	137	0
3902	137	0
3903	137	0
3904	136	0
3905	137	0
3906	136	0
3907	137	0
3908	136	0
3909	137	0
3910	137	0
3911	137	0
3912	137	0
3913	136	0
3914	137	0
3915	136	0
3916	136	0
3917	137	0
3918	136	0
3919	136	0
3920	137	0
3921	137	0
3922	137	0
3923	136	0
3924	136	0
3925	136	0
3926	136	0
3927	137	0
3928	136	0
3929	136	0
3930	136	0
3931	136	0
3932	136	0
3933	137	0
3934	136	0
3935	137	0
3936	136	0
3937	136	0
3938	136	0
3939	136	0
3940	136	0
3941	137	0
3942	136	0
3943	136	0
3944	136	0
3945	136	0
3946	137	0
3947	137	0
3948	136	0
3949	136	0
3950	136	0
3951	137	0
3952	137	0
3953	137	0
3954	136	0
3955	136	0
3956	136	0
3957	136	0
3958	136	0
3959	136	0
3960	136	0
3961	136	0
3962	137	0
3963	136	0
3964	136	0
3965	136	0
3966	136	0
3967	136	0
3968	136	0
3969	136	0
3970	136	0
3971	136	0
3972	136	0
3973	136	0
3974	137	0
3975	137	0
3976	136	0
3977	136	0
3978	136	0
3979	136	0
3980	136	0
3981	136	0
3982	136	0
3983	136	0
3984	136	0
3985	136	0
3986	136	0
3987	136	0
3988	136	0
3989	136	0
3990	136	0
3991	136	0
3992	136	0
3993	136	0
3994	136	0
3995	136	0
3996	136	0
3997	135	0
3998	136	0
3999	136	0
4000	136	0
4001	136	0
4002	136	0
4003	137	0
4004	136	0
4005	136	0
4006	136	0
4007	136	0
4008	136	0
4009	136	0
4010	136	0
4011	136	0
4012	135	0
4013	136	0
4014	136	0
4015	135	0
4016	136	0
4017	136	0
4018	136	0
4019	136	0
4020	136	0
4021	136	0
4022	136	0
4023	136	0
4024	136	0
4025	136	0
4026	136	0
4027	136	0
4028	136	0
4029	136	0
4030	136	0
4031	135	0
4032	136	0
4033	136	0
4034	137	0
4035	136	0
4036	136	0
4037	136	0
4038	136	0
4039	137	0
4040	136	0
4041	136	0
4042	136	0
4043	137	0
4044	137	0
4045	137	0
4046	137	0
4047	137	0
4048	137	0
4049	137	0
4050	137	0
4051	137	0
4052	137	0
4053	137	0
4054	138	0
4055	137	0
4056	138	0
4057	138	0
4058	138	0
4059	138	0
4060	138	0
4061	138	0
4062	139	0
4063	139	0
4064	139	0
4065	139	0
4066	139	0
4067	139	0
4068	139	0
4069	139	0
4070	139	0
4071	139	0
4072	139	0
4073	139	0
4074	139	0
4075	140	0
4076	140	0
4077	140	0
4078	139	0
4079	140	0
4080	140	0
4081	140	0
4082	140	0
4083	141	0
4084	141	0
4085	142	0
4086	140	0
4087	141	0
4088	141	0
4089	141	0
4090	141	0
4091	142	0
4092	143	0
4093	142	0
4094	143	0
4095	143	0
4096	143	0
4097	143	0
4098	143	0
4099	143	0
4100	143	0
4101	143	0
4102	143	0
4103	143	0
4104	143	0
4105	143	0
4106	144	0
4107	144	0
4108	143	0
4109	144	0
4110	144	0
4111	144	0
4112	144	0
4113	144	0
4114	145	0
4115	145	0
4116	145	0
4117	145	0
4118	145	0
4119	145	0
4120	146	0
4121	146	0
4122	146	0
4123	147	0
4124	147	0
4125	147	0
4126	147	0
4127	147	0
4128	147	0
4129	147	0
4130	147	0
4131	147	0
4132	147	0
4133	147	0
4134	147	0
4135	147	0
4136	147	0
4137	148	0
4138	148	0
4139	148	0
4140	148	0
4141	148	0
4142	148	0
4143	148	0
4144	148	0
4145	149	0
4146	148	0
4147	149	0
4148	149	0
4149	149	0
4150	149	0
4151	149	0
4152	150	0
4153	150	0
4154	151	0
4155	151	0
4156	151	0
4157	151	0
4158	151	0
4159	151	0
4160	151	0
4161	151	0
4162	151	0
4163	152	0
4164	151	0
4165	152	0
4166	152	0
4167	151	0
4168	152	0
4169	152	0
4170	152	0
4171	153	0
4172	153	0
4173	153	0
4174	153	0
4175	155	0
4176	154	0
4177	155	0
4178	154	0
4179	155	0
4180	155	0
4181	155	0
4182	155	0
4183	155	0
4184	155	0
4185	155	0
4186	155	0
4187	156	0
4188	156	0
4189	156	0
4190	156	0
4191	156	0
4192	156	0
4193	156	0
4194	156	0
4195	157	0
4196	157	0
4197	158	0
4198	157	0
4199	157	0
4200	158	0
4201	158	0
4202	159	0
4203	159	0
4204	158	0
4205	159	0
4206	159	0
4207	159	0
4208	159	0
4209	159	0
4210	159	0
4211	159	0
4212	159	0
4213	159	0
4214	159	0
4215	159	0
4216	159	0
4217	160	0
4218	159	0
4219	159	0
4220	159	0
4221	160	0
4222	160	0
4223	159	0
4224	159	0
4225	160	0
4226	159	0
4227	159	0
4228	159	0
4229	160	0
4230	159	0
4231	159	0
4232	159	0
4233	159	0
4234	159	0
4235	159	0
4236	159	0
4237	159	0
4238	159	0
4239	159	0
4240	159	0
4241	158	0
4242	158	0
4243	158	0
4244	157	0
4245	158	0
4246	157	0
4247	157	0
4248	156	0
4249	156	0
4250	156	0
4251	156	0
4252	156	0
4253	156	0
4254	156	0
4255	155	0
4256	155	0
4257	155	0
4258	155	0
4259	155	0
4260	155	0
4261	155	0
4262	155	0
4263	154	0
4264	154	0
4265	154	0
4266	153	0
4267	154	0
4268	153	0
4269	153	0
4270	153	0
4271	152	0
4272	152	0
4273	152	0
4274	152	0
4275	152	0
4276	152	0
4277	152	0
4278	152	0
4279	152	0
4280	152	0
4281	152	0
4282	151	0
4283	151	0
4284	151	0
4285	151	0
4286	151	0
4287	151	0
4288	151	0
4289	151	0
4290	151	0
4291	151	0
4292	151	0
4293	151	0
4294	151	0
4295	151	0
4296	151	0
4297	151	0
4298	151	0
4299	151	0
4300	151	0
4301	151	0
4302	150	0
4303	151	0
4304	151	0
4305	151	0
4306	151	0
4307	151	0
4308	151	0
4309	151	0
4310	151	0
4311	151	0
4312	151	0
4313	151	0
4314	151	0
4315	151	0
4316	151	0
4317	150	0
4318	151	0
4319	150	0
4320	151	0
4321	150	0
4322	150	0
4323	150	0
4324	149	0
4325	149	0
4326	149	0
4327	149	0
4328	149	0
4329	149	0
4330	149	0
4331	148	0
4332	148	0
4333	149	0
4334	148	0
4335	148	0
4336	148	0
4337	147	0
4338	147	0
4339	147	0
4340	147	0
4341	147	0
4342	147	0
4343	147	0
4344	146	0
4345	145	0
4346	145	0
4347	144	0
4348	145	0
4349	144	0
4350	143	0
4351	143	0
4352	143	0
4353	143	0
4354	142	0
4355	142	0
4356	141	0
4357	140	0
4358	140	0
4359	140	0
4360	139	0
4361	139	0
4362	139	0
4363	139	0
4364	137	0
4365	137	0
4366	137	0
4367	136	0
4368	135	0
4369	136	0
4370	135	0
4371	135	0
4372	134	0
4373	133	0
4374	133	0
4375	133	0
4376	132	0
4377	132	0
4378	131	0
4379	131	0
4380	131	0
4381	131	0
4382	130	0
4383	128	0
4384	129	0
4385	127	0
4386	128	0
4387	128	0
4388	127	0
4389	126	0
4390	125	0
4391	125	0
4392	124	0
4393	123	0
4394	123	0
4395	123	0
4396	123	0
4397	122	0
4398	121	0
4399	120	0
4400	120	0
4401	119	0
4402	119	0
4403	119	0
4404	118	0
4405	118	0
4406	117	0
4407	116	0
4408	116	0
4409	115	0
4410	115	0
4411	115	0
4412	113	0
4413	113	0
4414	112	0
4415	111	0
4416	111	0
4417	111	0
4418	110	0
4419	109	0
4420	108	0
4421	107	0
4422	107	0
4423	107	0
4424	107	0
4425	105	0
4426	104	0
4427	103	0
4428	103	0
4429	101	0
4430	100	0
4431	100	0
4432	99	0
4433	99	0
4434	97	0
4435	96	0
4436	96	0
4437	95	0
4438	94	0
4439	92	0
4440	92	0
4441	91	0
4442	91	0
4443	89	0
4444	88	0
4445	88	0
4446	88	0
4447	88	0
4448	87	0
4449	87	0
4450	88	0
4451	87	0
4452	87	0
4453	87	0
4454	87	0
4455	87	0
4456	87	0
4457	87	0
4458	87	0
4459	87	0
4460	87	0
4461	86	0
4462	87	0
4463	87	0
4464	87	0
4465	87	0
4466	85	0
4467	87	0
4468	86	0
4469	86	0
4470	87	0
4471	86	0
4472	86	0
4473	87	0
4474	87	0
4475	87	0
4476	86	0
4477	87	0
4478	86	0
4479	87	0
4480	87	0
4481	86	0
4482	87	0
4483	87	0
4484	87	0
4485	87	0
4486	87	0
4487	87	0
4488	87	0
4489	87	0
4490	87	0
4491	87	0
4492	87	0
4493	87	0
4494	87	0
4495	87	0
4496	88	0
4497	88	0
4498	87	0
4499	88	0
4500	87	0
4501	88	0
4502	87	0
4503	88	0
4504	88	0
4505	89	0
4506	88	0
4507	89	0
4508	89	0
4509	91	0
4510	91	0
4511	91	0
4512	91	0
4513	91	0
4514	92	0
4515	92	0
4516	93	0
4517	94	0
4518	95	0
4519	95	0
4520	95	0
4521	96	0
4522	95	0
4523	97	0
4524	97	0
4525	97	0
4526	99	0
4527	99	0
4528	99	0
4529	99	0
4530	100	0
4531	100	0
4532	100	0
4533	101	0
4534	102	0
4535	103	0
4536	103	0
4537	103	0
4538	103	0
4539	104	0
4540	104	0
4541	104	0
4542	104	0
4543	105	0
4544	105	0
4545	106	0
4546	105	0
4547	107	0
4548	106	0
4549	107	0
4550	107	0
4551	107	0
4552	108	0
4553	107	0
4554	107	0
4555	107	0
4556	108	0
4557	108	0
4558	108	0
4559	108	0
4560	108	0
4561	109	0
4562	108	0
4563	108	0
4564	109	0
4565	109	0
4566	109	0
4567	109	0
4568	109	0
4569	110	0
4570	109	0
4571	109	0
4572	109	0
4573	109	0
4574	111	0
4575	109	0
4576	110	0
4577	110	0
4578	111	0
4579	109	0
4580	111	0
4581	110	0
4582	110	0
4583	111	0
4584	110	0
4585	109	0
4586	111	0
4587	111	0
4588	110	0
4589	111	0
4590	109	0
4591	110	0
4592	109	0
4593	109	0
4594	109	0
4595	109	0
4596	109	0
4597	109	0
4598	109	0
4599	108	0
4600	108	0
4601	108	0
4602	108	0
4603	108	0
4604	108	0
4605	108	0
4606	108	0
4607	107	0
4608	107	0
4609	107	0
4610	107	0
4611	107	0
4612	106	0
4613	106	0
4614	105	0
4615	105	0
4616	104	0
4617	104	0
4618	104	0
4619	103	0
4620	103	0
4621	102	0
4622	103	0
4623	102	0
4624	101	0
4625	101	0
4626	100	0
4627	100	0
4628	100	0
4629	99	0
4630	99	0
4631	99	0
4632	99	0
4633	98	0
4634	97	0
4635	97	0
4636	96	0
4637	96	0
4638	96	0
4639	95	0
4640	95	0
4641	95	0
4642	94	0
4643	94	0
4644	93	0
4645	93	0
4646	92	0
4647	92	0
4648	92	0
4649	92	0
4650	92	0
4651	92	0
4652	92	0
4653	91	0
4654	91	0
4655	91	0
4656	91	0
4657	91	0
4658	91	0
4659	91	0
4660	91	0
4661	91	0
4662	91	0
4663	90	0
4664	91	0
4665	90	0
4666	91	0
4667	91	0
4668	91	0
4669	91	0
4670	90	0
4671	91	0
4672	91	0
4673	91	0
4674	91	0
4675	91	0
4676	91	0
4677	91	0
4678	91	0
4679	91	0
4680	91	0
4681	91	0
4682	91	0
4683	91	0
4684	91	0
4685	92	0
4686	92	0
4687	92	0
4688	92	0
4689	92	0
4690	92	0
4691	93	0
4692	93	0
4693	94	0
4694	94	0
4695	94	0
4696	95	0
4697	95	0
4698	95	0
4699	96	0
4700	96	0
4701	96	0
4702	96	0
4703	97	0
4704	98	0
4705	99	0
4706	99	0
4707	100	0
4708	100	0
4709	101	0
4710	102	0
4711	103	0
4712	103	0
4713	104	0
4714	105	0
4715	107	0
4716	107	0
4717	108	0
4718	109	0
4719	111	0
4720	111	0
4721	112	0
4722	114	0
4723	115	0
4724	116	0
4725	117	0
4726	119	0
4727	120	0
4728	121	0
4729	123	0
4730	124	0
4731	125	0
4732	127	0
4733	128	0
4734	129	0
4735	130	0
4736	131	0
4737	132	0
4738	135	0
4739	135	0
4740	136	0
4741	138	0
4742	139	0
4743	140	0
4744	142	0
4745	143	0
4746	143	0
4747	145	0
4748	147	0
4749	147	0
4750	148	0
4751	149	0
4752	151	0
4753	152	0
4754	153	0
4755	154	0
4756	155	0
4757	156	0
4758	157	0
4759	158	0
4760	160	0
4761	161	0
4762	161	0
4763	163	0
4764	163	0
4765	164	0
4766	165	0
4767	167	0
4768	167	0
4769	169	0
4770	170	0
4771	171	0
4772	172	0
4773	173	0
4774	174	0
4775	175	0
4776	175	0
4777	176	0
4778	178	0
4779	179	0
4780	179	0
4781	180	0
4782	181	0
4783	183	0
4784	184	0
4785	184	0
4786	186	0
4787	187	0
4788	187	0
4789	187	0
4790	188	0
4791	188	0
4792	188	0
4793	188	0
4794	189	0
4795	188	0
4796	188	0
4797	188	0
4798	189	0
4799	189	0
4800	189	0
4801	189	0
4802	188	0
4803	189	0
4804	190	0
4805	189	0
4806	188	0
4807	189	0
4808	189	0
4809	190	0
4810	190	0
4811	191	0
4812	189	0
4813	189	0
4814	191	0
4815	189	0
4816	189	0
4817	190	0
4818	190	0
4819	189	0
4820	189	0
4821	190	0
4822	189	0
4823	190	0
4824	189	0
4825	189	0
4826	189	0
4827	190	0
4828	190	0
4829	189	0
4830	190	0
4831	190	0
4832	190	0
4833	190	0
4834	189	0
4835	191	0
4836	191	0
4837	190	0
4838	190	0
4839	189	0
4840	189	0
4841	189	0
4842	189	0
4843	191	0
4844	189	0
4845	190	0
4846	190	0
4847	191	0
4848	190	0
4849	191	0
4850	190	0
4851	190	0
4852	190	0
4853	191	0
4854	190	0
4855	189	0
4856	190	0
4857	190	0
4858	189	0
4859	190	0
4860	190	0
4861	189	0
4862	189	0
4863	190	0
4864	190	0
4865	190	0
4866	189	0
4867	189	0
4868	190	0
4869	189	0
4870	189	0
4871	189	0
4872	188	0
4873	189	0
4874	189	0
4875	188	0
4876	189	0
4877	188	0
4878	188	0
4879	187	0
4880	187	0
4881	187	0
4882	187	0
4883	185	0
4884	184	0
4885	184	0
4886	184	0
4887	183	0
4888	182	0
4889	180	0
4890	180	0
4891	180	0
4892	179	0
4893	179	0
4894	179	0
4895	177	0
4896	175	0
4897	175	0
4898	173	0
4899	172	0
4900	172	0
4901	171	0
4902	169	0
4903	167	0
4904	164	0
4905	163	0
4906	162	0
4907	160	0
4908	159	0
4909	158	0
4910	157	0
4911	156	0
4912	155	0
4913	155	0
4914	154	0
4915	153	0
4916	152	0
4917	151	0
4918	151	0
4919	151	0
4920	149	0
4921	149	0
4922	148	0
4923	147	0
4924	147	0
4925	147	0
4926	147	0
4927	145	0
4928	147	0
4929	145	0
4930	144	0
4931	144	0
4932	144	0
4933	143	0
4934	144	0
4935	143	0
4936	143	0
4937	143	0
4938	143	0
4939	143	0
4940	141	0
4941	142	0
4942	141	0
4943	141	0
4944	140	0
4945	140	0
4946	140	0
4947	140	0
4948	140	0
4949	140	0
4950	139	0
4951	140	0
4952	139	0
4953	139	0
4954	139	0
4955	139	0
4956	139	0
4957	139	0
4958	139	0
4959	139	0
4960	139	0
4961	139	0
4962	139	0
4963	139	0
4964	139	0
4965	139	0
4966	138	0
4967	138	0
4968	139	0
4969	138	0
4970	138	0
4971	139	0
4972	138	0
4973	139	0
4974	139	0
4975	139	0
4976	138	0
4977	139	0
4978	139	0
4979	139	0
4980	139	0
4981	139	0
4982	139	0
4983	139	0
4984	139	0
4985	139	0
4986	139	0
4987	139	0
4988	139	0
4989	139	0
4990	139	0
4991	139	0
4992	139	0
4993	139	0
4994	140	0
4995	139	0
4996	140	0
4997	140	0
4998	140	0
4999	140	0
5000	140	0
5001	141	0
5002	141	0
5003	142	0
5004	141	0
5005	142	0
5006	143	0
5007	143	0
5008	143	0
5009	143	0
5010	143	0
5011	143	0
5012	144	0
5013	144	0
5014	144	0
5015	145	0
5016	144	0
5017	146	0
5018	147	0
5019	147	0
5020	147	0
5021	148	0
5022	148	0
5023	149	0
5024	149	0
5025	151	0
5026	151	0
5027	151	0
5028	152	0
5029	153	0
5030	155	0
5031	155	0
5032	156	0
5033	157	0
5034	159	0
5035	159	0
5036	159	0
5037	160	0
5038	162	0
5039	163	0
5040	163	0
5041	164	0
5042	164	0
5043	165	0
5044	167	0
5045	167	0
5046	169	0
5047	170	0
5048	171	0
5049	173	0
5050	175	0
5051	176	0
5052	179	0
5053	180	0
5054	182	0
5055	184	0
5056	186	0
5057	187	0
5058	188	0
5059	188	0
5060	188	0
5061	188	0
5062	189	0
5063	189	0
5064	189	0
5065	188	0
5066	189	0
5067	190	0
5068	189	0
5069	188	0
5070	189	0
5071	189	0
5072	189	0
5073	190	0
5074	190	0
5075	189	0
5076	190	0
5077	189	0
5078	189	0
5079	189	0
5080	189	0
5081	190	0
5082	191	0
5083	189	0
5084	189	0
5085	190	0
5086	189	0
5087	190	0
5088	189	0
5089	189	0
5090	189	0
5091	189	0
5092	190	0
5093	189	0
5094	190	0
5095	189	0
5096	189	0
5097	190	0
5098	189	0
5099	189	0
5100	189	0
5101	189	0
5102	190	0
5103	189	0
5104	189	0
5105	189	0
5106	190	0
5107	189	0
5108	189	0
5109	189	0
5110	189	0
5111	190	0
5112	190	0
5113	189	0
5114	189	0
5115	189	0
5116	189	0
5117	188	0
5118	191	0
5119	189	0
5120	190	0
5121	189	0
5122	189	0
5123	189	0
5124	189	0
5125	189	0
5126	190	0
5127	189	0
5128	189	0
5129	189	0
5130	189	0
5131	189	0
5132	189	0
5133	189	0
5134	189	0
5135	189	0
5136	189	0
5137	189	0
5138	189	0
5139	189	0
5140	189	0
5141	189	0
5142	189	0
5143	189	0
5144	189	0
5145	189	0
5146	189	0
5147	189	0
5148	188	0
5149	188	0
5150	189	0
5151	189	0
5152	189	0
5153	189	0
5154	189	0
5155	189	0
5156	189	0
5157	189	0
5158	188	0
5159	188	0
5160	188	0
5161	188	0
5162	188	0
5163	188	0
5164	188	0
5165	188	0
5166	188	0
5167	188	0
5168	187	0
5169	187	0
5170	187	0
5171	187	0
5172	187	0
5173	187	0
5174	186	0
5175	186	0
5176	185	0
5177	184	0
5178	184	0
5179	183	0
5180	183	0
5181	183	0
5182	183	0
5183	183	0
5184	181	0
5185	181	0
5186	180	0
5187	180	0
5188	179	0
5189	179	0
5190	178	0
5191	177	0
5192	176	0
5193	176	0
5194	175	0
5195	175	0
5196	175	0
5197	175	0
5198	173	0
5199	172	0
5200	172	0
5201	171	0
5202	171	0
5203	170	0
5204	170	0
5205	169	0
5206	168	0
5207	168	0
5208	167	0
5209	167	0
5210	165	0
5211	164	0
5212	163	0
5213	163	0
5214	163	0
5215	161	0
5216	160	0
5217	160	0
5218	159	0
5219	158	0
5220	157	0
5221	156	0
5222	155	0
5223	154	0
5224	153	0
5225	152	0
5226	152	0
5227	151	0
5228	149	0
5229	148	0
5230	147	0
5231	147	0
5232	145	0
5233	144	0
5234	144	0
5235	143	0
5236	143	0
5237	141	0
5238	139	0
5239	139	0
5240	138	0
5241	136	0
5242	135	0
5243	134	0
5244	133	0
5245	132	0
5246	131	0
5247	131	0
5248	129	0
5249	128	0
5250	128	0
5251	127	0
5252	125	0
5253	124	0
5254	123	0
5255	123	0
5256	120	0
5257	119	0
5258	119	0
5259	117	0
5260	116	0
5261	115	0
5262	115	0
5263	113	0
5264	112	0
5265	112	0
5266	111	0
5267	109	0
5268	108	0
5269	107	0
5270	107	0
5271	106	0
5272	104	0
5273	104	0
5274	103	0
5275	102	0
5276	101	0
5277	100	0
5278	100	0
5279	99	0
5280	98	0
5281	97	0
5282	96	0
5283	95	0
5284	95	0
5285	94	0
5286	93	0
5287	92	0
5288	91	0
5289	91	0
5290	91	0
5291	89	0
5292	89	0
5293	88	0
5294	88	0
5295	88	0
5296	88	0
5297	88	0
5298	88	0
5299	87	0
5300	88	0
5301	87	0
5302	87	0
5303	87	0
5304	87	0
5305	87	0
5306	87	0
5307	87	0
5308	87	0
5309	87	0
5310	87	0
5311	87	0
5312	87	0
5313	86	0
5314	87	0
5315	87	0
5316	86	0
5317	86	0
5318	86	0
5319	86	0
5320	87	0
5321	86	0
5322	86	0
5323	87	0
5324	86	0
5325	85	0
5326	85	0
5327	86	0
5328	86	0
5329	86	0
5330	85	0
5331	87	0
5332	86	0
5333	86	0
5334	86	0
5335	86	0
5336	86	0
5337	86	0
5338	86	0
5339	86	0
5340	86	0
5341	86	0
5342	86	0
5343	86	0
5344	86	0
5345	85	0
5346	86	0
5347	87	0
5348	86	0
5349	86	0
5350	85	0
5351	86	0
5352	86	0
5353	87	0
5354	87	0
5355	87	0
5356	86	0
5357	85	0
5358	86	0
5359	86	0
5360	86	0
5361	86	0
5362	86	0
5363	86	0
5364	87	0
5365	86	0
5366	86	0
5367	86	0
5368	85	0
5369	86	0
5370	86	0
5371	86	0
5372	86	0
5373	86	0
5374	86	0
5375	87	0
5376	87	0
5377	87	0
5378	87	0
5379	87	0
5380	87	0
5381	87	0
5382	87	0
5383	87	0
5384	87	0
5385	88	0
5386	87	0
5387	88	0
5388	88	0
5389	88	0
5390	89	0
5391	89	0
5392	91	0
5393	91	0
5394	91	0
5395	92	0
5396	92	0
5397	93	0
5398	94	0
5399	95	0
5400	95	0
5401	95	0
5402	96	0
5403	97	0
5404	96	0
5405	97	0
5406	98	0
5407	99	0
5408	99	0
5409	99	0
5410	99	0
5411	99	0
5412	99	0
5413	100	0
5414	100	0
5415	100	0
5416	99	0
5417	100	0
5418	100	0
5419	100	0
5420	100	0
5421	100	0
5422	100	0
5423	100	0
5424	100	0
5425	100	0
5426	100	0
5427	99	0
5428	99	0
5429	99	0
5430	99	0
5431	99	0
5432	98	0
5433	97	0
5434	97	0
5435	95	0
5436	95	0
5437	95	0
5438	95	0
5439	93	0
5440	92	0
5441	92	0
5442	91	0
5443	91	0
5444	90	0
5445	89	0
5446	88	0
5447	88	0
5448	88	0
5449	87	0
5450	88	0
5451	88	0
5452	87	0
5453	87	0
5454	88	0
5455	87	0
5456	87	0
5457	87	0
5458	87	0
5459	87	0
5460	87	0
5461	87	0
5462	87	0
5463	87	0
5464	87	0
5465	87	0
5466	87	0
5467	87	0
5468	87	0
5469	87	0
5470	87	0
5471	87	0
5472	86	0
5473	87	0
5474	87	0
5475	87	0
5476	87	0
5477	86	0
5478	87	0
5479	86	0
5480	86	0
5481	86	0
5482	87	0
5483	86	0
5484	86	0
5485	86	0
5486	87	0
5487	86	0
5488	87	0
5489	87	0
5490	87	0
5491	87	0
5492	87	0
5493	87	0
5494	87	0
5495	87	0
5496	87	0
5497	87	0
5498	86	0
5499	87	0
5500	87	0
5501	87	0
5502	87	0
5503	87	0
5504	87	0
5505	87	0
5506	87	0
5507	87	0
5508	87	0
5509	87	0
5510	87	0
5511	87	0
5512	87	0
5513	87	0
5514	87	0
5515	87	0
5516	87	0
5517	87	0
5518	87	0
5519	87	0
5520	87	0
5521	87	0
5522	87	0
5523	87	0
5524	87	0
5525	87	0
5526	87	0
5527	87	0
5528	87	0
5529	87	0
5530	87	0
5531	87	0
5532	88	0
5533	87	0
5534	88	0
5535	88	0
5536	87	0
5537	88	0
5538	88	0
5539	89	0
5540	89	0
5541	88	0
5542	90	0
5543	90	0
5544	91	0
5545	92	0
5546	92	0
5547	93	0
5548	94	0
5549	94	0
5550	95	0
5551	95	0
5552	96	0
5553	97	0
5554	99	0
5555	99	0
5556	99	0
5557	100	0
5558	101	0
5559	101	0
5560	103	0
5561	103	0
5562	104	0
5563	105	0
5564	106	0
5565	107	0
5566	107	0
5567	107	0
5568	108	0
5569	109	0
5570	109	0
5571	110	0
5572	111	0
5573	111	0
5574	112	0
5575	112	0
5576	113	0
5577	115	0
5578	115	0
5579	115	0
5580	115	0
5581	115	0
5582	116	0
5583	116	0
5584	117	0
5585	118	0
5586	119	0
5587	119	0
5588	119	0
5589	119	0
5590	120	0
5591	121	0
5592	121	0
5593	122	0
5594	123	0
5595	123	0
5596	123	0
5597	124	0
5598	124	0
5599	124	0
5600	125	0
5601	125	0
5602	126	0
5603	127	0
5604	127	0
5605	127	0
5606	128	0
5607	127	0
5608	128	0
5609	128	0
5610	129	0
5611	129	0
5612	131	0
5613	131	0
5614	131	0
5615	131	0
5616	131	0
5617	132	0
5618	132	0
5619	133	0
5620	133	0
5621	133	0
5622	134	0
5623	135	0
5624	135	0
5625	135	0
5626	135	0
5627	135	0
5628	135	0
5629	136	0
5630	136	0
5631	136	0
5632	137	0
5633	137	0
5634	138	0
5635	138	0
5636	139	0
5637	139	0
5638	139	0
5639	139	0
5640	139	0
5641	139	0
5642	140	0
5643	140	0
5644	140	0
5645	140	0
5646	141	0
5647	140	0
5648	140	0
5649	141	0
5650	140	0
5651	140	0
5652	141	0
5653	142	0
5654	141	0
5655	143	0
5656	142	0
5657	142	0
5658	142	0
5659	143	0
5660	143	0
5661	143	0
5662	143	0
5663	143	0
5664	143	0
5665	143	0
5666	144	0
5667	143	0
5668	144	0
5669	144	0
5670	144	0
5671	144	0
5672	145	0
5673	145	0
5674	144	0
5675	144	0
5676	145	0
5677	145	0
5678	145	0
5679	145	0
5680	145	0
5681	147	0
5682	147	0
5683	146	0
5684	147	0
5685	147	0
5686	147	0
5687	147	0
5688	148	0
5689	147	0
5690	147	0
5691	148	0
5692	148	0
5693	148	0
5694	148	0
5695	149	0
5696	149	0
5697	149	0
5698	149	0
5699	149	0
5700	150	0
5701	150	0
5702	150	0
5703	151	0
5704	151	0
5705	151	0
5706	151	0
5707	151	0
5708	151	0
5709	151	0
5710	151	0
5711	151	0
5712	151	0
5713	152	0
5714	151	0
5715	152	0
5716	151	0
5717	152	0
5718	152	0
5719	152	0
5720	152	0
5721	152	0
5722	152	0
5723	152	0
5724	153	0
5725	153	0
5726	154	0
5727	153	0
5728	153	0
5729	155	0
5730	154	0
5731	155	0
5732	155	0
5733	155	0
5734	155	0
5735	155	0
5736	155	0
5737	155	0
5738	155	0
5739	155	0
5740	156	0
5741	155	0
5742	156	0
5743	155	0
5744	155	0
5745	156	0
5746	156	0
5747	156	0
5748	155	0
5749	155	0
5750	156	0
5751	156	0
5752	156	0
5753	156	0
5754	156	0
5755	156	0
5756	156	0
5757	156	0
5758	156	0
5759	156	0
5760	156	0
5761	156	0
5762	156	0
5763	156	0
5764	157	0
5765	157	0
5766	156	0
5767	156	0
5768	156	0
5769	157	0
5770	156	0
5771	156	0
5772	156	0
5773	157	0
5774	157	0
5775	157	0
5776	157	0
5777	157	0
5778	157	0
5779	157	0
5780	157	0
5781	157	0
5782	157	0
5783	157	0
5784	157	0
5785	157	0
5786	157	0
5787	157	0
5788	157	0
5789	157	0
5790	159	0
5791	157	0
5792	158	0
5793	158	0
5794	157	0
5795	158	0
5796	158	0
5797	157	0
5798	158	0
5799	157	0
5800	157	0
5801	157	0
5802	158	0
5803	158	0
5804	157	0
5805	158	0
5806	157	0
5807	158	0
5808	158	0
5809	158	0
5810	158	0
5811	157	0
5812	159	0
5813	157	0
5814	158	0
5815	157	0
5816	159	0
5817	158	0
5818	157	0
5819	158	0
5820	158	0
5821	159	0
5822	158	0
5823	158	0
5824	157	0
5825	158	0
5826	158	0
5827	158	0
5828	158	0
5829	158	0
5830	158	0
5831	158	0
5832	158	0
5833	158	0
5834	159	0
5835	159	0
5836	159	0
5837	159	0
5838	159	0
5839	158	0
5840	158	0
5841	159	0
5842	158	0
5843	158	0
5844	159	0
5845	159	0
5846	158	0
5847	159	0
5848	159	0
5849	159	0
5850	159	0
5851	158	0
5852	159	0
5853	159	0
5854	159	0
5855	159	0
5856	159	0
5857	159	0
5858	159	0
5859	159	0
5860	159	0
5861	159	0
5862	159	0
5863	159	0
5864	159	0
5865	159	0
5866	159	0
5867	159	0
5868	159	0
5869	159	0
5870	159	0
5871	159	0
5872	159	0
5873	159	0
5874	160	0
5875	159	0
5876	160	0
5877	159	0
5878	159	0
5879	159	0
5880	160	0
5881	160	0
5882	160	0
5883	160	0
5884	159	0
5885	159	0
5886	160	0
5887	160	0
5888	160	0
5889	159	0
5890	160	0
5891	160	0
5892	159	0
5893	159	0
5894	160	0
5895	160	0
5896	159	0
5897	160	0
5898	160	0
5899	160	0
5900	159	0
5901	159	0
5902	160	0
5903	160	0
5904	160	0
5905	160	0
5906	160	0
5907	159	0
5908	159	0
5909	159	0
5910	159	0
5911	159	0
5912	159	0
5913	159	0
5914	159	0
5915	159	0
5916	158	0
5917	159	0
5918	158	0
5919	158	0
5920	157	0
5921	157	0
5922	156	0
5923	156	0
5924	156	0
5925	156	0
5926	156	0
5927	156	0
5928	156	0
5929	155	0
5930	155	0
5931	155	0
5932	155	0
5933	155	0
5934	155	0
5935	154	0
5936	155	0
5937	155	0
5938	154	0
5939	153	0
5940	153	0
5941	153	0
5942	152	0
5943	152	0
5944	152	0
5945	152	0
5946	152	0
5947	151	0
5948	151	0
5949	151	0
5950	151	0
5951	151	0
5952	151	0
5953	150	0
5954	149	0
5955	149	0
5956	149	0
5957	148	0
5958	149	0
5959	149	0
5960	149	0
5961	148	0
5962	148	0
5963	147	0
5964	147	0
5965	147	0
5966	147	0
5967	147	0
5968	147	0
5969	147	0
5970	147	0
5971	146	0
5972	147	0
5973	146	0
5974	145	0
5975	145	0
5976	144	0
5977	145	0
5978	145	0
5979	144	0
5980	144	0
5981	144	0
5982	144	0
5983	144	0
5984	143	0
5985	144	0
5986	143	0
5987	143	0
5988	143	0
5989	143	0
5990	143	0
5991	143	0
5992	143	0
5993	143	0
5994	143	0
5995	143	0
5996	143	0
5997	142	0
5998	142	0
5999	143	0
6000	143	0
6001	143	0
6002	141	0
6003	142	0
6004	141	0
6005	141	0
6006	140	0
6007	140	0
6008	141	0
6009	140	0
6010	140	0
6011	140	0
6012	140	0
6013	140	0
6014	140	0
6015	140	0
6016	140	0
6017	140	0
6018	140	0
6019	139	0
6020	140	0
6021	139	0
6022	139	0
6023	139	0
6024	139	0
6025	139	0
6026	139	0
6027	139	0
6028	139	0
6029	139	0
6030	139	0
6031	139	0
6032	139	0
6033	139	0
6034	139	0
6035	139	0
6036	139	0
6037	139	0
6038	139	0
6039	139	0
6040	139	0
6041	139	0
6042	139	0
6043	138	0
6044	138	0
6045	138	0
6046	139	0
6047	138	0
6048	138	0
6049	139	0
6050	138	0
6051	138	0
6052	138	0
6053	139	0
6054	137	0
6055	138	0
6056	138	0
6057	138	0
6058	138	0
6059	139	0
6060	137	0
6061	137	0
6062	136	0
6063	137	0
6064	138	0
6065	138	0
6066	136	0
6067	137	0
6068	137	0
6069	137	0
6070	136	0
6071	137	0
6072	136	0
6073	137	0
6074	137	0
6075	137	0
6076	137	0
6077	137	0
6078	137	0
6079	137	0
6080	137	0
6081	136	0
6082	137	0
6083	136	0
6084	137	0
6085	137	0
6086	137	0
6087	136	0
6088	136	0
6089	136	0
6090	137	0
6091	137	0
6092	136	0
6093	136	0
6094	136	0
6095	136	0
6096	137	0
6097	136	0
6098	136	0
6099	137	0
6100	136	0
6101	136	0
6102	137	0
6103	137	0
6104	136	0
6105	137	0
6106	137	0
6107	136	0
6108	136	0
6109	136	0
6110	137	0
6111	137	0
6112	136	0
6113	136	0
6114	136	0
6115	137	0
6116	137	0
6117	136	0
6118	136	0
6119	136	0
6120	137	0
6121	136	0
6122	136	0
6123	136	0
6124	137	0
6125	136	0
6126	137	0
6127	137	0
6128	136	0
6129	136	0
6130	136	0
6131	137	0
6132	136	0
6133	137	0
6134	136	0
6135	136	0
6136	136	0
6137	136	0
6138	136	0
6139	137	0
6140	136	0
6141	136	0
6142	136	0
6143	136	0
6144	136	0
6145	136	0
6146	136	0
6147	137	0
6148	136	0
6149	136	0
6150	136	0
6151	136	0
6152	136	0
6153	136	0
6154	136	0
6155	136	0
6156	136	0
6157	136	0
6158	137	0
6159	136	0
6160	136	0
6161	136	0
6162	136	0
6163	137	0
6164	136	0
6165	136	0
6166	136	0
6167	136	0
6168	136	0
6169	136	0
6170	136	0
6171	136	0
6172	137	0
6173	137	0
6174	136	0
6175	137	0
6176	137	0
6177	136	0
6178	136	0
6179	136	0
6180	136	0
6181	136	0
6182	136	0
6183	137	0
6184	137	0
6185	136	0
6186	136	0
6187	137	0
6188	137	0
6189	136	0
6190	136	0
6191	136	0
6192	137	0
6193	136	0
6194	136	0
6195	137	0
6196	136	0
6197	136	0
6198	136	0
6199	137	0
6200	137	0
6201	137	0
6202	137	0
6203	137	0
6204	137	0
6205	137	0
6206	137	0
6207	136	0
6208	136	0
6209	136	0
6210	137	0
6211	137	0
6212	136	0
6213	136	0
6214	136	0
6215	137	0
6216	136	0
6217	137	0
6218	137	0
6219	137	0
6220	137	0
6221	137	0
6222	137	0
6223	136	0
6224	137	0
6225	137	0
6226	137	0
6227	137	0
6228	137	0
6229	137	0
6230	136	0
6231	137	0
6232	136	0
6233	137	0
6234	137	0
6235	137	0
6236	136	0
6237	137	0
6238	137	0
6239	137	0
6240	136	0
6241	136	0
6242	137	0
6243	137	0
6244	136	0
6245	137	0
6246	136	0
6247	137	0
6248	136	0
6249	136	0
6250	137	0
6251	136	0
6252	137	0
6253	137	0
6254	137	0
6255	137	0
6256	137	0
6257	137	0
6258	137	0
6259	137	0
6260	137	0
6261	137	0
6262	137	0
6263	137	0
6264	137	0
6265	137	0
6266	137	0
6267	137	0
6268	137	0
6269	137	0
6270	137	0
6271	138	0
6272	137	0
6273	137	0
6274	137	0
6275	137	0
6276	137	0
6277	138	0
6278	137	0
6279	138	0
6280	137	0
6281	137	0
6282	137	0
6283	138	0
6284	137	0
6285	137	0
6286	138	0
6287	137	0
6288	137	0
6289	138	0
6290	138	0
6291	137	0
6292	137	0
6293	137	0
6294	137	0
6295	137	0
6296	137	0
6297	137	0
6298	137	0
6299	138	0
6300	137	0
6301	138	0
6302	137	0
6303	137	0
6304	138	0
6305	137	0
6306	138	0
6307	137	0
6308	139	0
6309	137	0
6310	138	0
6311	138	0
6312	138	0
6313	138	0
6314	138	0
6315	138	0
6316	138	0
6317	138	0
6318	138	0
6319	137	0
6320	137	0
6321	138	0
6322	139	0
6323	139	0
6324	137	0
6325	138	0
6326	138	0
6327	139	0
6328	139	0
6329	138	0
6330	138	0
6331	138	0
6332	139	0
6333	138	0
6334	139	0
6335	138	0
6336	139	0
6337	139	0
6338	138	0
6339	139	0
6340	138	0
6341	139	0
6342	139	0
6343	139	0
6344	139	0
6345	139	0
6346	139	0
6347	139	0
6348	139	0
6349	139	0
6350	139	0
6351	139	0
6352	139	0
6353	139	0
6354	139	0
6355	139	0
6356	139	0
6357	139	0
6358	139	0
6359	139	0
6360	139	0
6361	139	0
6362	139	0
6363	139	0
6364	139	0
6365	139	0
6366	139	0
6367	139	0
6368	139	0
6369	139	0
6370	139	0
6371	139	0
6372	139	0
6373	139	0
6374	139	0
6375	139	0
6376	139	0
6377	139	0
6378	139	0
6379	139	0
6380	140	0
6381	139	0
6382	139	0
6383	139	0
6384	139	0
6385	140	0
6386	140	0
6387	140	0
6388	139	0
6389	140	0
6390	140	0
6391	140	0
6392	140	0
6393	140	0
6394	140	0
6395	139	0
6396	140	0
6397	140	0
6398	140	0
6399	140	0
6400	140	0
6401	140	0
6402	140	0
6403	140	0
6404	140	0
6405	140	0
6406	141	0
6407	141	0
6408	141	0
6409	140	0
6410	140	0
6411	141	0
6412	141	0
6413	141	0
6414	141	0
6415	140	0
6416	141	0
6417	141	0
6418	142	0
6419	142	0
6420	142	0
6421	142	0
6422	143	0
6423	143	0
6424	143	0
6425	143	0
6426	143	0
6427	143	0
6428	143	0
6429	143	0
6430	143	0
6431	143	0
6432	143	0
6433	143	0
6434	143	0
6435	144	0
6436	144	0
6437	144	0
6438	144	0
6439	145	0
6440	144	0
6441	145	0
6442	145	0
6443	145	0
6444	145	0
6445	147	0
6446	147	0
6447	147	0
6448	147	0
6449	147	0
6450	147	0
6451	147	0
6452	147	0
6453	148	0
6454	149	0
6455	148	0
6456	149	0
6457	150	0
6458	150	0
6459	151	0
6460	151	0
6461	151	0
6462	152	0
6463	151	0
6464	152	0
6465	153	0
6466	154	0
6467	154	0
6468	155	0
6469	155	0
6470	155	0
6471	156	0
6472	156	0
6473	157	0
6474	157	0
6475	157	0
6476	159	0
6477	158	0
6478	159	0
6479	160	0
6480	160	0
6481	160	0
6482	162	0
6483	163	0
6484	163	0
6485	163	0
6486	163	0
6487	164	0
6488	164	0
6489	165	0
6490	165	0
6491	167	0
6492	167	0
6493	167	0
6494	168	0
6495	168	0
6496	169	0
6497	170	0
6498	171	0
6499	171	0
6500	171	0
6501	172	0
6502	172	0
6503	172	0
6504	174	0
6505	175	0
6506	175	0
6507	175	0
6508	175	0
6509	175	0
6510	176	0
6511	176	0
6512	177	0
6513	177	0
6514	179	0
6515	179	0
6516	179	0
6517	180	0
6518	180	0
6519	181	0
6520	181	0
6521	181	0
6522	182	0
6523	182	0
6524	183	0
6525	183	0
6526	183	0
6527	184	0
6528	184	0
6529	184	0
6530	185	0
6531	185	0
6532	185	0
6533	186	0
6534	186	0
6535	187	0
6536	186	0
6537	186	0
6538	186	0
6539	187	0
6540	187	0
6541	187	0
6542	187	0
6543	187	0
6544	187	0
6545	187	0
6546	187	0
6547	187	0
6548	188	0
6549	187	0
6550	188	0
6551	188	0
6552	187	0
6553	187	0
6554	187	0
6555	187	0
6556	187	0
6557	187	0
6558	187	0
6559	187	0
6560	187	0
6561	188	0
6562	187	0
6563	187	0
6564	187	0
6565	187	0
6566	187	0
6567	187	0
6568	187	0
6569	187	0
6570	187	0
6571	187	0
6572	187	0
6573	187	0
6574	187	0
6575	186	0
6576	187	0
6577	187	0
6578	187	0
6579	187	0
6580	187	0
6581	186	0
6582	187	0
6583	185	0
6584	186	0
6585	186	0
6586	186	0
6587	187	0
6588	186	0
6589	186	0
6590	185	0
6591	185	0
6592	185	0
6593	185	0
6594	185	0
6595	185	0
6596	185	0
6597	185	0
6598	185	0
6599	184	0
6600	184	0
6601	184	0
6602	184	0
6603	184	0
6604	184	0
6605	184	0
6606	184	0
6607	184	0
6608	184	0
6609	184	0
6610	184	0
6611	184	0
6612	183	0
6613	184	0
6614	184	0
6615	184	0
6616	184	0
6617	184	0
6618	183	0
6619	184	0
6620	184	0
6621	184	0
6622	184	0
6623	184	0
6624	184	0
6625	184	0
6626	183	0
6627	184	0
6628	184	0
6629	184	0
6630	184	0
6631	184	0
6632	184	0
6633	184	0
6634	184	0
6635	184	0
6636	184	0
6637	184	0
6638	184	0
6639	184	0
6640	184	0
6641	184	0
6642	184	0
6643	184	0
6644	184	0
6645	184	0
6646	184	0
6647	184	0
6648	184	0
6649	184	0
6650	184	0
6651	184	0
6652	183	0
6653	184	0
6654	184	0
6655	184	0
6656	184	0
6657	184	0
6658	183	0
6659	184	0
6660	184	0
6661	184	0
6662	184	0
6663	184	0
6664	184	0
6665	184	0
6666	183	0
6667	184	0
6668	184	0
6669	183	0
6670	184	0
6671	183	0
6672	183	0
6673	183	0
6674	183	0
6675	183	0
6676	183	0
6677	183	0
6678	183	0
6679	182	0
6680	182	0
6681	181	0
6682	181	0
6683	181	0
6684	181	0
6685	180	0
6686	181	0
6687	181	0
6688	180	0
6689	180	0
6690	180	0
6691	179	0
6692	180	0
6693	179	0
6694	179	0
6695	179	0
6696	179	0
6697	179	0
6698	179	0
6699	177	0
6700	178	0
6701	178	0
6702	177	0
6703	176	0
6704	176	0
6705	176	0
6706	177	0
6707	175	0
6708	176	0
6709	175	0
6710	175	0
6711	175	0
6712	174	0
6713	175	0
6714	174	0
6715	173	0
6716	173	0
6717	172	0
6718	172	0
6719	172	0
6720	171	0
6721	171	0
6722	171	0
6723	171	0
6724	171	0
6725	171	0
6726	168	0
6727	168	0
6728	168	0
6729	168	0
6730	167	0
6731	167	0
6732	167	0
6733	165	0
6734	164	0
6735	164	0
6736	164	0
6737	163	0
6738	163	0
6739	163	0
6740	163	0
6741	162	0
6742	161	0
6743	160	0
6744	159	0
6745	159	0
6746	159	0
6747	159	0
6748	157	0
6749	157	0
6750	156	0
6751	155	0
6752	155	0
6753	154	0
6754	153	0
6755	152	0
6756	152	0
6757	151	0
6758	151	0
6759	149	0
6760	148	0
6761	148	0
6762	147	0
6763	147	0
6764	146	0
6765	144	0
6766	143	0
6767	143	0
6768	141	0
6769	140	0
6770	140	0
6771	139	0
6772	138	0
6773	136	0
6774	135	0
6775	134	0
6776	134	0
6777	132	0
6778	131	0
6779	131	0
6780	129	0
6781	128	0
6782	128	0
6783	127	0
6784	126	0
6785	124	0
6786	123	0
6787	122	0
6788	121	0
6789	120	0
6790	119	0
6791	119	0
6792	117	0
6793	115	0
6794	115	0
6795	114	0
6796	112	0
6797	111	0
6798	111	0
6799	110	0
6800	108	0
6801	107	0
6802	107	0
6803	104	0
6804	104	0
6805	103	0
6806	102	0
6807	101	0
6808	100	0
6809	99	0
6810	97	0
6811	97	0
6812	95	0
6813	95	0
6814	95	0
6815	92	0
6816	92	0
6817	91	0
6818	90	0
6819	89	0
6820	88	0
6821	88	0
6822	87	0
6823	87	0
6824	87	0
6825	87	0
6826	87	0
6827	87	0
6828	87	0
6829	87	0
6830	87	0
6831	87	0
6832	87	0
6833	87	0
6834	87	0
6835	87	0
6836	86	0
6837	87	0
6838	87	0
6839	87	0
6840	87	0
6841	86	0
6842	87	0
6843	87	0
6844	87	0
6845	87	0
6846	87	0
6847	87	0
6848	87	0
6849	87	0
6850	86	0
6851	87	0
6852	87	0
6853	87	0
6854	87	0
6855	87	0
6856	87	0
6857	87	0
6858	87	0
6859	86	0
6860	86	0
6861	87	0
6862	87	0
6863	87	0
6864	87	0
6865	87	0
6866	86	0
6867	87	0
6868	87	0
6869	87	0
6870	87	0
6871	86	0
6872	87	0
6873	87	0
6874	87	0
6875	87	0
6876	87	0
6877	87	0
6878	87	0
6879	87	0
6880	87	0
6881	87	0
6882	87	0
6883	87	0
6884	87	0
6885	87	0
6886	87	0
6887	87	0
6888	87	0
6889	87	0
6890	87	0
6891	87	0
6892	87	0
6893	87	0
6894	87	0
6895	87	0
6896	88	0
6897	87	0
6898	87	0
6899	88	0
6900	88	0
6901	88	0
6902	89	0
6903	89	0
6904	90	0
6905	91	0
6906	91	0
6907	92	0
6908	93	0
6909	93	0
6910	95	0
6911	95	0
6912	96	0
6913	96	0
6914	96	0
6915	97	0
6916	97	0
6917	97	0
6918	98	0
6919	98	0
6920	98	0
6921	98	0
6922	98	0
6923	99	0
6924	98	0
6925	99	0
6926	99	0
6927	99	0
6928	99	0
6929	98	0
6930	98	0
6931	99	0
6932	99	0
6933	99	0
6934	98	0
6935	98	0
6936	98	0
6937	98	0
6938	97	0
6939	97	0
6940	97	0
6941	96	0
6942	96	0
6943	95	0
6944	95	0
6945	95	0
6946	95	0
6947	95	0
6948	95	0
6949	93	0
6950	93	0
6951	92	0
6952	92	0
6953	91	0
6954	91	0
6955	91	0
6956	90	0
6957	90	0
6958	88	0
6959	89	0
6960	89	0
6961	88	0
6962	88	0
6963	88	0
6964	87	0
6965	87	0
6966	87	0
6967	87	0
6968	87	0
6969	87	0
6970	87	0
6971	87	0
6972	87	0
6973	87	0
6974	88	0
6975	87	0
6976	87	0
6977	87	0
6978	87	0
6979	87	0
6980	87	0
6981	87	0
6982	88	0
6983	87	0
6984	88	0
6985	88	0
6986	87	0
6987	88	0
6988	87	0
6989	88	0
6990	88	0
6991	88	0
6992	89	0
6993	89	0
6994	89	0
6995	91	0
6996	91	0
6997	91	0
6998	91	0
6999	92	0
7000	93	0
7001	94	0
7002	94	0
7003	95	0
7004	96	0
7005	96	0
7006	98	0
7007	98	0
7008	99	0
7009	100	0
7010	100	0
7011	101	0
7012	101	0
7013	103	0
7014	104	0
7015	104	0
7016	105	0
7017	107	0
7018	107	0
7019	108	0
7020	108	0
7021	109	0
7022	110	0
7023	111	0
7024	112	0
7025	112	0
7026	113	0
7027	115	0
7028	115	0
7029	116	0
7030	116	0
7031	118	0
7032	119	0
7033	120	0
7034	120	0
7035	123	0
7036	123	0
7037	124	0
7038	124	0
7039	127	0
7040	127	0
7041	128	0
7042	128	0
7043	129	0
7044	131	0
7045	131	0
7046	132	0
7047	133	0
7048	135	0
7049	135	0
7050	136	0
7051	137	0
7052	138	0
7053	139	0
7054	140	0
7055	140	0
7056	143	0
7057	143	0
7058	143	0
7059	145	0
7060	145	0
7061	147	0
7062	148	0
7063	148	0
7064	149	0
7065	151	0
7066	152	0
7067	153	0
7068	155	0
7069	155	0
7070	156	0
7071	157	0
7072	159	0
7073	160	0
7074	160	0
7075	161	0
7076	163	0
7077	164	0
7078	165	0
7079	167	0
7080	168	0
7081	168	0
7082	171	0
7083	172	0
7084	173	0
7085	175	0
7086	176	0
7087	178	0
7088	179	0
7089	180	0
7090	182	0
7091	183	0
7092	184	0
7093	186	0
7094	187	0
7095	188	0
7096	187	0
7097	188	0
7098	188	0
7099	188	0
7100	188	0
7101	188	0
7102	188	0
7103	188	0
7104	189	0
7105	189	0
7106	189	0
7107	189	0
7108	189	0
7109	189	0
7110	189	0
7111	189	0
7112	189	0
7113	189	0
7114	189	0
7115	190	0
7116	189	0
7117	189	0
7118	189	0
7119	189	0
7120	189	0
7121	190	0
7122	189	0
7123	190	0
7124	189	0
7125	189	0
7126	189	0
7127	190	0
7128	189	0
7129	190	0
7130	189	0
7131	189	0
7132	189	0
7133	189	0
7134	190	0
7135	191	0
7136	189	0
7137	190	0
7138	189	0
7139	190	0
7140	190	0
7141	189	0
7142	189	0
7143	190	0
7144	189	0
7145	190	0
7146	190	0
7147	190	0
7148	189	0
7149	189	0
7150	189	0
7151	189	0
7152	190	0
7153	190	0
7154	189	0
7155	189	0
7156	189	0
7157	190	0
7158	189	0
7159	189	0
7160	190	0
7161	189	0
7162	190	0
7163	189	0
7164	190	0
7165	189	0
7166	190	0
7167	189	0
7168	189	0
7169	189	0
7170	189	0
7171	190	0
7172	189	0
7173	189	0
7174	190	0
7175	190	0
7176	191	0
7177	190	0
7178	191	0
7179	189	0
7180	191	0
7181	190	0
7182	191	0
7183	191	0
7184	190	0
7185	189	0
7186	189	0
7187	190	0
7188	189	0
7189	189	0
7190	189	0
7191	189	0
7192	189	0
7193	190	0
7194	189	0
7195	190	0
7196	189	0
7197	189	0
7198	189	0
7199	189	0
7200	189	0
7201	189	0
7202	189	0
7203	189	0
7204	189	0
7205	189	0
7206	189	0
7207	190	0
7208	189	0
7209	189	0
7210	190	0
7211	189	0
7212	189	0
7213	189	0
7214	189	0
7215	189	0
7216	189	0
7217	189	0
7218	189	0
7219	189	0
7220	189	0
7221	188	0
7222	189	0
7223	189	0
7224	189	0
7225	190	0
7226	189	0
7227	189	0
7228	188	0
7229	188	0
7230	189	0
7231	189	0
7232	189	0
7233	189	0
7234	189	0
7235	189	0
7236	190	0
7237	189	0
7238	189	0
7239	189	0
7240	189	0
7241	189	0
7242	189	0
7243	189	0
7244	189	0
7245	189	0
7246	189	0
7247	189	0
7248	189	0
7249	189	0
7250	189	0
7251	189	0
7252	189	0
7253	189	0
7254	188	0
7255	189	0
7256	189	0
7257	189	0
7258	189	0
7259	189	0
7260	189	0
7261	189	0
7262	189	0
7263	189	0
7264	188	0
7265	189	0
7266	188	0
7267	189	0
7268	189	0
7269	189	0
7270	189	0
7271	188	0
7272	189	0
7273	188	0
7274	188	0
7275	189	0
7276	188	0
7277	189	0
7278	189	0
7279	189	0
7280	189	0
7281	189	0
7282	189	0
7283	189	0
7284	189	0
7285	188	0
7286	189	0
7287	189	0
7288	190	0
7289	190	0
7290	189	0
7291	191	0
7292	190	0
7293	189	0
7294	189	0
7295	189	0
7296	189	0
7297	189	0
7298	188	0
7299	189	0
7300	189	0
7301	189	0
7302	189	0
7303	189	0
7304	190	0
7305	189	0
7306	189	0
7307	190	0
7308	188	0
7309	188	0
7310	189	0
7311	189	0
7312	189	0
7313	189	0
7314	189	0
7315	189	0
7316	189	0
7317	189	0
7318	189	0
7319	190	0
7320	190	0
7321	189	0
7322	189	0
7323	189	0
7324	189	0
7325	189	0
7326	189	0
7327	189	0
7328	190	0
7329	189	0
7330	189	0
7331	189	0
7332	189	0
7333	189	0
7334	190	0
7335	189	0
7336	189	0
7337	190	0
7338	189	0
7339	190	0
7340	189	0
7341	189	0
7342	190	0
7343	189	0
7344	189	0
7345	190	0
7346	191	0
7347	190	0
7348	190	0
7349	189	0
7350	190	0
7351	191	0
7352	189	0
7353	189	0
7354	189	0
7355	189	0
7356	190	0
7357	190	0
7358	190	0
7359	189	0
7360	190	0
7361	190	0
7362	189	0
7363	189	0
7364	190	0
7365	190	0
7366	190	0
7367	190	0
7368	189	0
7369	190	0
7370	191	0
7371	190	0
7372	191	0
7373	189	0
7374	190	0
7375	190	0
7376	190	0
7377	189	0
7378	189	0
7379	189	0
7380	190	0
7381	189	0
7382	189	0
7383	190	0
7384	189	0
7385	189	0
7386	190	0
7387	190	0
7388	189	0
7389	190	0
7390	191	0
7391	189	0
7392	190	0
7393	190	0
7394	190	0
7395	190	0
7396	190	0
7397	190	0
7398	189	0
7399	190	0
7400	189	0
7401	190	0
7402	190	0
7403	190	0
7404	189	0
7405	189	0
7406	190	0
7407	189	0
7408	190	0
7409	191	0
7410	190	0
7411	190	0
7412	190	0
7413	189	0
7414	189	0
7415	189	0
7416	190	0
7417	190	0
7418	190	0
7419	189	0
7420	190	0
7421	189	0
7422	189	0
7423	190	0
7424	188	0
7425	190	0
7426	189	0
7427	189	0
7428	191	0
7429	189	0
7430	189	0
7431	189	0
7432	189	0
7433	189	0
7434	189	0
7435	189	0
7436	189	0
7437	190	0
7438	191	0
7439	188	0
7440	188	0
7441	190	0
7442	189	0
7443	188	0
7444	188	0
7445	188	0
7446	187	0
7447	187	0
7448	187	0
7449	186	0
7450	186	0
7451	184	0
7452	184	0
7453	183	0
7454	183	0
7455	181	0
7456	180	0
7457	179	0
7458	179	0
7459	178	0
7460	176	0
7461	176	0
7462	175	0
7463	174	0
7464	173	0
7465	172	0
7466	171	0
7467	171	0
7468	169	0
7469	168	0
7470	167	0
7471	166	0
7472	165	0
7473	163	0
7474	163	0
7475	162	0
7476	160	0
7477	159	0
7478	158	0
7479	156	0
7480	156	0
7481	155	0
7482	154	0
7483	152	0
7484	151	0
7485	150	0
7486	148	0
7487	147	0
7488	146	0
7489	144	0
7490	144	0
7491	143	0
7492	140	0
7493	139	0
7494	139	0
7495	137	0
7496	136	0
7497	135	0
7498	133	0
7499	132	0
7500	131	0
7501	130	0
7502	129	0
7503	128	0
7504	127	0
7505	125	0
7506	124	0
7507	123	0
7508	122	0
7509	121	0
7510	120	0
7511	119	0
7512	118	0
7513	117	0
7514	116	0
7515	115	0
7516	115	0
7517	112	0
7518	112	0
7519	112	0
7520	111	0
7521	110	0
7522	109	0
7523	108	0
7524	107	0
7525	107	0
7526	106	0
7527	105	0
7528	104	0
7529	103	0
7530	103	0
7531	102	0
7532	103	0
7533	101	0
7534	100	0
7535	99	0
7536	100	0
7537	99	0
7538	99	0
7539	98	0
7540	97	0
7541	96	0
7542	96	0
7543	95	0
7544	95	0
7545	96	0
7546	95	0
7547	95	0
7548	95	0
7549	95	0
7550	94	0
7551	93	0
7552	93	0
7553	93	0
7554	93	0
7555	92	0
7556	92	0
7557	92	0
7558	92	0
7559	92	0
7560	92	0
7561	92	0
7562	92	0
7563	91	0
7564	92	0
7565	91	0
7566	91	0
7567	91	0
7568	91	0
7569	92	0
7570	91	0
7571	91	0
7572	91	0
7573	91	0
7574	91	0
7575	90	0
7576	91	0
7577	91	0
7578	91	0
7579	89	0
7580	90	0
7581	89	0
7582	89	0
7583	89	0
7584	89	0
7585	88	0
7586	90	0
7587	89	0
7588	89	0
7589	89	0
7590	89	0
7591	89	0
7592	89	0
7593	88	0
7594	88	0
7595	88	0
7596	88	0
7597	88	0
7598	88	0
7599	88	0
7600	88	0
7601	88	0
7602	88	0
7603	87	0
7604	88	0
7605	88	0
7606	88	0
7607	87	0
7608	87	0
7609	88	0
7610	88	0
7611	87	0
7612	88	0
7613	88	0
7614	88	0
7615	87	0
7616	88	0
7617	88	0
7618	88	0
7619	87	0
7620	87	0
7621	87	0
7622	87	0
7623	87	0
7624	88	0
7625	87	0
7626	87	0
7627	87	0
7628	87	0
7629	87	0
7630	87	0
7631	87	0
7632	87	0
7633	87	0
7634	87	0
7635	87	0
7636	87	0
7637	87	0
7638	87	0
7639	87	0
7640	87	0
7641	87	0
7642	87	0
7643	87	0
7644	87	0
7645	87	0
7646	87	0
7647	87	0
7648	87	0
7649	87	0
7650	87	0
7651	87	0
7652	87	0
7653	87	0
7654	86	0
7655	87	0
7656	87	0
7657	87	0
7658	87	0
7659	87	0
7660	86	0
7661	86	0
7662	86	0
7663	87	0
7664	87	0
7665	86	0
7666	86	0
7667	86	0
7668	86	0
7669	86	0
7670	87	0
7671	86	0
7672	86	0
7673	86	0
7674	86	0
7675	87	0
7676	87	0
7677	87	0
7678	86	0
7679	87	0
7680	86	0
7681	86	0
7682	87	0
7683	85	0
7684	87	0
7685	86	0
7686	86	0
7687	86	0
7688	87	0
7689	87	0
7690	87	0
7691	87	0
7692	85	0
7693	87	0
7694	87	0
7695	86	0
7696	86	0
7697	87	0
7698	87	0
7699	86	0
7700	85	0
7701	86	0
7702	85	0
7703	86	0
7704	86	0
7705	85	0
7706	86	0
7707	86	0
7708	86	0
7709	86	0
7710	87	0
7711	86	0
7712	86	0
7713	86	0
7714	86	0
7715	87	0
7716	86	0
7717	87	0
7718	87	0
7719	87	0
7720	87	0
7721	87	0
7722	87	0
7723	87	0
7724	87	0
7725	87	0
7726	87	0
7727	87	0
7728	86	0
7729	87	0
7730	87	0
7731	87	0
7732	87	0
7733	87	0
7734	87	0
7735	87	0
7736	86	0
7737	87	0
7738	87	0
7739	87	0
7740	87	0
7741	87	0
7742	87	0
7743	87	0
7744	87	0
7745	87	0
7746	87	0
7747	87	0
7748	87	0
7749	87	0
7750	87	0
7751	87	0
7752	87	0
7753	87	0
7754	87	0
7755	87	0
7756	87	0
7757	87	0
7758	87	0
7759	87	0
7760	87	0
7761	87	0
7762	87	0
7763	87	0
7764	87	0
7765	87	0
7766	87	0
7767	87	0
7768	87	0
7769	87	0
7770	87	0
7771	87	0
7772	87	0
7773	87	0
7774	87	0
7775	87	0
7776	87	0
7777	87	0
7778	87	0
7779	87	0
7780	87	0
7781	87	0
7782	87	0
7783	87	0
7784	87	0
7785	87	0
7786	87	0
7787	87	0
7788	87	0
7789	87	0
7790	87	0
7791	87	0
7792	87	0
7793	87	0
7794	87	0
7795	87	0
7796	87	0
7797	87	0
7798	87	0
7799	87	0
7800	87	0
7801	88	0
7802	88	0
7803	88	0
7804	88	0
7805	88	0
7806	88	0
7807	88	0
7808	89	0
7809	89	0
7810	91	0
7811	91	0
7812	92	0
7813	93	0
7814	94	0
7815	96	0
7816	96	0
7817	97	0
7818	99	0
7819	99	0
7820	100	0
7821	102	0
7822	103	0
7823	104	0
7824	104	0
7825	107	0
7826	107	0
7827	108	0
7828	109	0
7829	111	0
7830	111	0
7831	113	0
7832	114	0
7833	115	0
7834	116	0
7835	117	0
7836	119	0
7837	119	0
7838	120	0
7839	121	0
7840	123	0
7841	123	0
7842	125	0
7843	126	0
7844	127	0
7845	129	0
7846	128	0
7847	130	0
7848	131	0
7849	132	0
7850	133	0
7851	134	0
7852	135	0
7853	136	0
7854	136	0
7855	138	0
7856	139	0
7857	139	0
7858	140	0
7859	141	0
7860	142	0
7861	143	0
7862	143	0
7863	144	0
7864	145	0
7865	147	0
7866	147	0
7867	147	0
7868	148	0
7869	149	0
7870	149	0
7871	150	0
7872	151	0
7873	152	0
7874	152	0
7875	152	0
7876	155	0
7877	155	0
7878	155	0
7879	156	0
7880	156	0
7881	156	0
7882	157	0
7883	158	0
7884	159	0
7885	159	0
7886	159	0
7887	160	0
7888	160	0
7889	160	0
7890	161	0
7891	163	0
7892	162	0
7893	163	0
7894	163	0
7895	164	0
7896	163	0
7897	164	0
7898	165	0
7899	165	0
7900	165	0
7901	166	0
7902	166	0
7903	167	0
7904	167	0
7905	168	0
7906	168	0
7907	168	0
7908	168	0
7909	169	0
7910	168	0
7911	169	0
7912	171	0
7913	169	0
7914	170	0
7915	171	0
7916	171	0
7917	171	0
7918	171	0
7919	171	0
7920	171	0
7921	172	0
7922	172	0
7923	171	0
7924	172	0
7925	172	0
7926	172	0
7927	172	0
7928	172	0
7929	172	0
7930	173	0
7931	173	0
7932	173	0
7933	173	0
7934	173	0
7935	173	0
7936	174	0
7937	173	0
7938	173	0
7939	173	0
7940	173	0
7941	173	0
7942	173	0
7943	173	0
7944	173	0
7945	173	0
7946	173	0
7947	173	0
7948	173	0
7949	173	0
7950	172	0
7951	172	0
7952	172	0
7953	172	0
7954	172	0
7955	172	0
7956	172	0
7957	171	0
7958	171	0
7959	172	0
7960	172	0
7961	171	0
7962	171	0
7963	171	0
7964	171	0
7965	171	0
7966	171	0
7967	171	0
7968	171	0
7969	171	0
7970	171	0
7971	170	0
7972	171	0
7973	170	0
7974	169	0
7975	171	0
7976	171	0
7977	169	0
7978	169	0
7979	168	0
7980	168	0
7981	169	0
7982	168	0
7983	168	0
7984	169	0
7985	168	0
7986	168	0
7987	169	0
7988	168	0
7989	168	0
7990	168	0
7991	168	0
7992	169	0
7993	168	0
7994	169	0
7995	167	0
7996	167	0
7997	168	0
7998	167	0
7999	167	0
