Oscilloscope data. 
Time step = 10,00 nS
Voltage step = 31,25 mV
Zero level = 130

N 	Smpl.	Trig

0	94	0
1	93	0
2	166	0
3	200	0
4	167	0
5	123	0
6	162	0
7	197	0
8	167	0
9	123	0
10	132	0
11	97	0
12	96	0
13	165	0
14	167	0
15	93	0
16	63	0
17	93	0
18	139	0
19	128	0
20	135	0
21	125	0
22	135	0
23	97	0
24	95	0
25	137	0
26	129	0
27	135	0
28	95	0
29	65	0
30	64	0
31	67	0
32	67	0
33	67	0
34	67	0
35	67	0
36	68	0
37	95	0
38	136	0
39	99	0
40	65	0
41	93	0
42	138	0
43	98	0
44	96	0
45	165	0
46	201	0
47	198	0
48	165	0
49	123	0
50	132	0
51	127	0
52	135	0
53	126	0
54	163	0
55	197	0
56	199	0
57	166	0
58	124	0
59	132	0
60	127	0
61	163	0
62	165	0
63	94	0
64	61	0
65	67	0
66	96	0
67	137	0
68	98	0
69	65	0
70	93	0
71	139	0
72	128	0
73	135	0
74	96	0
75	66	0
76	94	0
77	139	0
78	128	0
79	135	0
80	96	0
81	95	0
82	136	0
83	129	0
84	163	0
85	165	0
86	94	0
87	62	0
88	65	0
89	67	0
90	66	0
91	67	0
92	67	0
93	95	0
94	137	0
95	128	0
96	135	0
97	96	0
98	95	0
99	136	0
100	131	0
101	163	0
102	166	0
103	95	0
104	94	0
105	167	0
106	200	0
107	167	0
108	123	0
109	132	0
110	127	0
111	135	0
112	96	0
113	64	0
114	64	0
115	68	0
116	67	0
117	96	0
118	137	0
119	99	0
120	95	0
121	164	0
122	168	0
123	93	0
124	94	0
125	166	0
126	200	0
127	199	0
128	164	0
129	92	0
130	93	0
131	136	0
132	99	0
133	96	0
134	165	0
135	200	0
136	167	0
137	91	0
138	63	0
139	95	0
140	166	0
141	167	0
142	93	0
143	62	0
144	64	0
145	68	0
146	96	0
147	167	0
148	200	0
149	199	0
150	195	0
151	196	0
152	196	0
153	166	0
154	124	0
155	132	0
156	97	0
157	95	0
158	165	0
159	200	0
160	199	0
161	165	0
162	124	0
163	163	0
164	198	0
165	199	0
166	195	0
167	164	0
168	92	0
169	63	0
170	94	0
171	138	0
172	98	0
173	96	0
174	165	0
175	168	0
176	94	0
177	94	0
178	165	0
179	169	0
180	125	0
181	161	0
182	197	0
183	199	0
184	164	0
185	92	0
186	95	0
187	167	0
188	200	0
189	165	0
190	92	0
191	92	0
192	136	0
193	99	0
194	65	0
195	95	0
196	167	0
197	167	0
198	93	0
199	61	0
200	67	0
201	97	0
202	166	0
203	199	0
204	198	0
205	195	0
206	165	0
207	123	0
208	132	0
209	127	0
210	163	0
211	166	0
212	95	0
213	93	0
214	167	0
215	200	0
216	199	0
217	164	0
218	92	0
219	93	0
220	136	0
221	99	0
222	95	0
223	136	0
224	129	0
225	135	0
226	96	0
227	95	0
228	136	0
229	131	0
230	163	0
231	167	0
232	127	0
233	160	0
234	197	0
235	165	0
236	90	0
237	63	0
238	66	0
239	97	0
240	165	0
241	168	0
242	95	0
243	92	0
244	137	0
245	130	0
246	135	0
247	127	0
248	135	0
249	127	0
250	163	0
251	166	0
252	93	0
253	63	0
254	95	0
255	139	0
256	128	0
257	135	0
258	127	0
259	163	0
260	166	0
261	127	0
262	163	0
263	197	0
264	167	0
265	123	0
266	162	0
267	167	0
268	95	0
269	92	0
270	136	0
271	99	0
272	64	0
273	95	0
274	166	0
275	200	0
276	198	0
277	164	0
278	92	0
279	63	0
280	95	0
281	167	0
282	199	0
283	167	0
284	91	0
285	63	0
286	95	0
287	167	0
288	199	0
289	167	0
290	91	0
291	63	0
292	96	0
293	167	0
294	200	0
295	197	0
296	163	0
297	91	0
298	63	0
299	66	0
300	97	0
301	166	0
302	200	0
303	199	0
304	195	0
305	196	0
306	196	0
307	165	0
308	124	0
309	161	0
310	167	0
311	127	0
312	162	0
313	197	0
314	199	0
315	195	0
316	195	0
317	165	0
318	125	0
319	161	0
320	166	0
321	93	0
322	62	0
323	95	0
324	166	0
325	169	0
326	125	0
327	132	0
328	126	0
329	135	0
330	96	0
331	96	0
332	165	0
333	200	0
334	199	0
335	164	0
336	123	0
337	162	0
338	198	0
339	166	0
340	90	0
341	63	0
342	95	0
343	139	0
344	128	0
345	135	0
346	126	0
347	135	0
348	126	0
349	163	0
350	197	0
351	167	0
352	91	0
353	95	0
354	166	0
355	200	0
356	166	0
357	92	0
358	92	0
359	136	0
360	99	0
361	95	0
362	164	0
363	169	0
364	125	0
365	131	0
366	96	0
367	96	0
368	165	0
369	169	0
370	125	0
371	131	0
372	96	0
373	97	0
374	165	0
375	167	0
376	94	0
377	63	0
378	95	0
379	167	0
380	199	0
381	167	0
382	92	0
383	92	0
384	137	0
385	130	0
386	163	0
387	196	0
388	167	0
389	92	0
390	92	0
391	137	0
392	130	0
393	136	0
394	125	0
395	135	0
396	96	0
397	66	0
398	92	0
399	138	0
400	128	0
401	163	0
402	196	0
403	167	0
404	123	0
405	162	0
406	198	0
407	199	0
408	164	0
409	92	0
410	93	0
411	137	0
412	99	0
413	95	0
414	136	0
415	130	0
416	163	0
417	167	0
418	126	0
419	132	0
420	96	0
421	65	0
422	64	0
423	95	0
424	137	0
425	128	0
426	163	0
427	196	0
428	167	0
429	92	0
430	95	0
431	165	0
432	169	0
433	125	0
434	131	0
435	97	0
436	95	0
437	135	0
438	99	0
439	95	0
440	165	0
441	200	0
442	199	0
443	165	0
444	123	0
445	132	0
446	96	0
447	65	0
448	64	0
449	96	0
450	165	0
451	168	0
452	126	0
453	161	0
454	197	0
455	199	0
456	165	0
457	124	0
458	162	0
459	166	0
460	93	0
461	62	0
462	95	0
463	166	0
464	168	0
465	127	0
466	162	0
467	197	0
468	167	0
469	123	0
470	163	0
471	198	0
472	199	0
473	195	0
474	196	0
475	196	0
476	165	0
477	123	0
478	161	0
479	198	0
480	199	0
481	195	0
482	196	0
483	196	0
484	196	0
485	195	0
486	163	0
487	92	0
488	95	0
489	165	0
490	167	0
491	93	0
492	63	0
493	95	0
494	137	0
495	98	0
496	95	0
497	164	0
498	199	0
499	167	0
500	123	0
501	163	0
502	198	0
503	199	0
504	163	0
505	93	0
506	93	0
507	136	0
508	98	0
509	64	0
510	65	0
511	95	0
512	137	0
513	99	0
514	96	0
515	166	0
516	200	0
517	199	0
518	164	0
519	124	0
520	162	0
521	167	0
522	127	0
523	162	0
524	197	0
525	199	0
526	195	0
527	164	0
528	92	0
529	95	0
530	165	0
531	168	0
532	126	0
533	162	0
534	197	0
535	167	0
536	123	0
537	161	0
538	167	0
539	127	0
540	131	0
541	98	0
542	95	0
543	135	0
544	98	0
545	65	0
546	64	0
547	97	0
548	165	0
549	200	0
550	198	0
551	195	0
552	164	0
553	92	0
554	94	0
555	165	0
556	169	0
557	125	0
558	161	0
559	197	0
560	199	0
561	165	0
562	123	0
563	132	0
564	97	0
565	95	0
566	135	0
567	130	0
568	163	0
569	165	0
570	95	0
571	93	0
572	136	0
573	131	0
574	162	0
575	165	0
576	93	0
577	63	0
578	95	0
579	138	0
580	128	0
581	134	0
582	96	0
583	65	0
584	95	0
585	167	0
586	200	0
587	197	0
588	165	0
589	123	0
590	132	0
591	127	0
592	135	0
593	96	0
594	96	0
595	165	0
596	200	0
597	198	0
598	195	0
599	164	0
600	124	0
601	163	0
602	197	0
603	167	0
604	123	0
605	163	0
606	197	0
607	167	0
608	123	0
609	162	0
610	198	0
611	166	0
612	91	0
613	63	0
614	65	0
615	96	0
616	165	0
617	169	0
618	126	0
619	132	0
620	127	0
621	163	0
622	196	0
623	166	0
624	91	0
625	63	0
626	95	0
627	167	0
628	199	0
629	167	0
630	123	0
631	132	0
632	98	0
633	95	0
634	135	0
635	99	0
636	95	0
637	136	0
638	99	0
639	95	0
640	164	0
641	168	0
642	126	0
643	162	0
644	166	0
645	95	0
646	92	0
647	136	0
648	99	0
649	64	0
650	95	0
651	167	0
652	168	0
653	94	0
654	61	0
655	95	0
656	166	0
657	200	0
658	198	0
659	164	0
660	92	0
661	95	0
662	165	0
663	201	0
664	199	0
665	195	0
666	195	0
667	163	0
668	91	0
669	63	0
670	65	0
671	67	0
672	96	0
673	166	0
674	199	0
675	166	0
676	91	0
677	63	0
678	95	0
679	138	0
680	99	0
681	96	0
682	165	0
683	168	0
684	94	0
685	93	0
686	136	0
687	99	0
688	63	0
689	64	0
690	67	0
691	67	0
692	95	0
693	136	0
694	99	0
695	66	0
696	93	0
697	139	0
698	128	0
699	135	0
700	95	0
701	96	0
702	164	0
703	200	0
704	167	0
705	91	0
706	94	0
707	165	0
708	200	0
709	167	0
710	92	0
711	92	0
712	136	0
713	99	0
714	65	0
715	95	0
716	167	0
717	200	0
718	197	0
719	163	0
720	91	0
721	63	0
722	95	0
723	139	0
724	98	0
725	64	0
726	65	0
727	68	0
728	96	0
729	165	0
730	199	0
731	198	0
732	164	0
733	123	0
734	161	0
735	166	0
736	92	0
737	61	0
738	65	0
739	67	0
740	67	0
741	95	0
742	137	0
743	128	0
744	163	0
745	196	0
746	199	0
747	195	0
748	195	0
749	196	0
750	195	0
751	164	0
752	91	0
753	63	0
754	95	0
755	167	0
756	200	0
757	199	0
758	195	0
759	196	0
760	165	0
761	124	0
762	161	0
763	167	0
764	127	0
765	161	0
766	166	0
767	95	0
768	63	0
769	95	0
770	167	0
771	200	0
772	198	0
773	165	0
774	124	0
775	162	0
776	197	0
777	199	0
778	165	0
779	124	0
780	161	0
781	167	0
782	93	0
783	62	0
784	95	0
785	137	0
786	98	0
787	95	0
788	165	0
789	200	0
790	199	0
791	195	0
792	196	0
793	196	0
794	165	0
795	123	0
796	131	0
797	96	0
798	65	0
799	93	0
800	139	0
801	99	0
802	95	0
803	135	0
804	130	0
805	163	0
806	197	0
807	199	0
808	195	0
809	165	0
810	124	0
811	162	0
812	197	0
813	168	0
814	123	0
815	133	0
816	127	0
817	135	0
818	95	0
819	66	0
820	92	0
821	139	0
822	128	0
823	163	0
824	196	0
825	168	0
826	123	0
827	161	0
828	167	0
829	94	0
830	93	0
831	165	0
832	168	0
833	92	0
834	62	0
835	64	0
836	68	0
837	67	0
838	95	0
839	136	0
840	99	0
841	96	0
842	165	0
843	167	0
844	93	0
845	95	0
846	165	0
847	167	0
848	92	0
849	63	0
850	94	0
851	139	0
852	128	0
853	135	0
854	96	0
855	64	0
856	64	0
857	67	0
858	67	0
859	67	0
860	67	0
861	67	0
862	67	0
863	67	0
864	67	0
865	96	0
866	165	0
867	199	0
868	165	0
869	91	0
870	63	0
871	95	0
872	138	0
873	97	0
874	96	0
875	165	0
876	168	0
877	93	0
878	94	0
879	165	0
880	200	0
881	166	0
882	123	0
883	162	0
884	167	0
885	94	0
886	93	0
887	165	0
888	200	0
889	167	0
890	123	0
891	162	0
892	167	0
893	94	0
894	93	0
895	165	0
896	201	0
897	199	0
898	195	0
899	195	0
900	164	0
901	91	0
902	63	0
903	94	0
904	138	0
905	129	0
906	163	0
907	196	0
908	167	0
909	123	0
910	131	0
911	96	0
912	65	0
913	95	0
914	167	0
915	168	0
916	95	0
917	92	0
918	137	0
919	99	0
920	95	0
921	165	0
922	167	0
923	93	0
924	63	0
925	94	0
926	139	0
927	128	0
928	135	0
929	95	0
930	65	0
931	64	0
932	67	0
933	95	0
934	136	0
935	98	0
936	64	0
937	64	0
938	96	0
939	137	0
940	99	0
941	96	0
942	164	0
943	168	0
944	93	0
945	94	0
946	165	0
947	200	0
948	167	0
949	123	0
950	163	0
951	198	0
952	167	0
953	123	0
954	163	0
955	198	0
956	199	0
957	195	0
958	164	0
959	92	0
960	63	0
961	95	0
962	166	0
963	169	0
964	126	0
965	132	0
966	126	0
967	135	0
968	96	0
969	96	0
970	164	0
971	169	0
972	126	0
973	160	0
974	166	0
975	93	0
976	61	0
977	64	0
978	67	0
979	67	0
980	95	0
981	137	0
982	129	0
983	163	0
984	196	0
985	167	0
986	91	0
987	93	0
988	166	0
989	200	0
990	165	0
991	91	0
992	62	0
993	66	0
994	95	0
995	138	0
996	128	0
997	135	0
998	96	0
999	96	0
1000	164	0
1001	200	0
1002	165	0
1003	91	0
1004	62	0
1005	65	0
1006	67	0
1007	67	0
1008	96	0
1009	167	0
1010	199	0
1011	166	0
1012	91	0
1013	63	0
1014	95	0
1015	138	0
1016	128	0
1017	135	0
1018	127	0
1019	163	0
1020	167	0
1021	127	0
1022	163	0
1023	197	0
1024	199	0
1025	164	0
1026	92	0
1027	93	0
1028	138	0
1029	129	0
1030	135	0
1031	97	0
1032	96	0
1033	164	0
1034	168	0
1035	125	0
1036	131	0
1037	96	0
1038	96	0
1039	165	0
1040	200	0
1041	199	0
1042	164	0
1043	123	0
1044	162	0
1045	198	0
1046	199	0
1047	195	0
1048	196	0
1049	166	0
1050	123	0
1051	132	0
1052	97	0
1053	95	0
1054	135	0
1055	98	0
1056	64	0
1057	65	0
1058	96	0
1059	137	0
1060	99	0
1061	64	0
1062	65	0
1063	96	0
1064	166	0
1065	168	0
1066	126	0
1067	161	0
1068	166	0
1069	95	0
1070	63	0
1071	94	0
1072	139	0
1073	128	0
1074	135	0
1075	96	0
1076	95	0
1077	135	0
1078	98	0
1079	65	0
1080	95	0
1081	167	0
1082	168	0
1083	127	0
1084	162	0
1085	167	0
1086	127	0
1087	163	0
1088	198	0
1089	199	0
1090	196	0
1091	165	0
1092	124	0
1093	163	0
1094	197	0
1095	167	0
1096	123	0
1097	132	0
1098	127	0
1099	136	0
1100	126	0
1101	135	0
1102	127	0
1103	163	0
1104	197	0
1105	167	0
1106	91	0
1107	93	0
1108	137	0
1109	131	0
1110	135	0
1111	127	0
1112	163	0
1113	197	0
1114	199	0
1115	164	0
1116	92	0
1117	63	0
1118	95	0
1119	139	0
1120	128	0
1121	162	0
1122	167	0
1123	94	0
1124	63	0
1125	95	0
1126	167	0
1127	199	0
1128	198	0
1129	195	0
1130	165	0
1131	123	0
1132	131	0
1133	96	0
1134	64	0
1135	64	0
1136	68	0
1137	96	0
1138	165	0
1139	167	0
1140	95	0
1141	92	0
1142	136	0
1143	130	0
1144	163	0
1145	196	0
1146	167	0
1147	92	0
1148	94	0
1149	165	0
1150	200	0
1151	166	0
1152	91	0
1153	94	0
1154	165	0
1155	169	0
1156	125	0
1157	131	0
1158	97	0
1159	96	0
1160	135	0
1161	99	0
1162	95	0
1163	136	0
1164	129	0
1165	163	0
1166	165	0
1167	95	0
1168	92	0
1169	137	0
1170	129	0
1171	135	0
1172	127	0
1173	163	0
1174	196	0
1175	166	0
1176	91	0
1177	63	0
1178	94	0
1179	139	0
1180	128	0
1181	135	0
1182	95	0
1183	64	0
1184	64	0
1185	67	0
1186	67	0
1187	67	0
1188	67	0
1189	96	0
1190	165	0
1191	167	0
1192	93	0
1193	63	0
1194	94	0
1195	139	0
1196	129	0
1197	162	0
1198	165	0
1199	95	0
1200	93	0
1201	136	0
1202	129	0
1203	135	0
1204	96	0
1205	66	0
1206	95	0
1207	138	0
1208	99	0
1209	65	0
1210	93	0
1211	138	0
1212	99	0
1213	95	0
1214	135	0
1215	99	0
1216	95	0
1217	165	0
1218	169	0
1219	126	0
1220	162	0
1221	167	0
1222	127	0
1223	161	0
1224	166	0
1225	95	0
1226	92	0
1227	137	0
1228	131	0
1229	163	0
1230	196	0
1231	199	0
1232	195	0
1233	163	0
1234	91	0
1235	63	0
1236	96	0
1237	166	0
1238	169	0
1239	126	0
1240	132	0
1241	127	0
1242	163	0
1243	197	0
1244	199	0
1245	195	0
1246	165	0
1247	123	0
1248	161	0
1249	167	0
1250	127	0
1251	132	0
1252	127	0
1253	135	0
1254	127	0
1255	135	0
1256	126	0
1257	163	0
1258	196	0
1259	199	0
1260	195	0
1261	196	0
1262	195	0
1263	196	0
1264	195	0
1265	163	0
1266	91	0
1267	63	0
1268	95	0
1269	166	0
1270	199	0
1271	198	0
1272	195	0
1273	164	0
1274	123	0
1275	161	0
1276	197	0
1277	167	0
1278	123	0
1279	161	0
1280	167	0
1281	126	0
1282	131	0
1283	98	0
1284	95	0
1285	135	0
1286	99	0
1287	96	0
1288	166	0
1289	200	0
1290	199	0
1291	164	0
1292	123	0
1293	163	0
1294	197	0
1295	167	0
1296	91	0
1297	63	0
1298	95	0
1299	167	0
1300	167	0
1301	95	0
1302	92	0
1303	137	0
1304	131	0
1305	163	0
1306	196	0
1307	199	0
1308	164	0
1309	92	0
1310	93	0
1311	137	0
1312	131	0
1313	163	0
1314	196	0
1315	167	0
1316	91	0
1317	63	0
1318	64	0
1319	67	0
1320	95	0
1321	136	0
1322	99	0
1323	96	0
1324	165	0
1325	200	0
1326	199	0
1327	195	0
1328	164	0
1329	93	0
1330	92	0
1331	136	0
1332	99	0
1333	65	0
1334	94	0
1335	137	0
1336	98	0
1337	65	0
1338	95	0
1339	167	0
1340	199	0
1341	197	0
1342	164	0
1343	124	0
1344	161	0
1345	197	0
1346	199	0
1347	195	0
1348	165	0
1349	125	0
1350	162	0
1351	165	0
1352	95	0
1353	92	0
1354	136	0
1355	99	0
1356	95	0
1357	164	0
1358	200	0
1359	167	0
1360	124	0
1361	162	0
1362	167	0
1363	93	0
1364	63	0
1365	95	0
1366	167	0
1367	167	0
1368	93	0
1369	63	0
1370	66	0
1371	96	0
1372	137	0
1373	128	0
1374	163	0
1375	196	0
1376	199	0
1377	165	0
1378	123	0
1379	132	0
1380	96	0
1381	65	0
1382	92	0
1383	138	0
1384	129	0
1385	163	0
1386	196	0
1387	167	0
1388	92	0
1389	94	0
1390	165	0
1391	201	0
1392	199	0
1393	164	0
1394	92	0
1395	94	0
1396	166	0
1397	168	0
1398	126	0
1399	160	0
1400	167	0
1401	127	0
1402	161	0
1403	167	0
1404	126	0
1405	132	0
1406	97	0
1407	95	0
1408	136	0
1409	130	0
1410	135	0
1411	127	0
1412	163	0
1413	196	0
1414	167	0
1415	91	0
1416	94	0
1417	165	0
1418	200	0
1419	168	0
1420	123	0
1421	133	0
1422	127	0
1423	136	0
1424	125	0
1425	135	0
1426	96	0
1427	96	0
1428	164	0
1429	201	0
1430	198	0
1431	163	0
1432	91	0
1433	63	0
1434	66	0
1435	96	0
1436	139	0
1437	129	0
1438	163	0
1439	196	0
1440	199	0
1441	195	0
1442	195	0
1443	163	0
1444	91	0
1445	63	0
1446	65	0
1447	97	0
1448	166	0
1449	168	0
1450	125	0
1451	131	0
1452	127	0
1453	163	0
1454	197	0
1455	199	0
1456	164	0
1457	92	0
1458	95	0
1459	166	0
1460	200	0
1461	167	0
1462	123	0
1463	162	0
1464	197	0
1465	167	0
1466	123	0
1467	163	0
1468	198	0
1469	168	0
1470	123	0
1471	163	0
1472	198	0
1473	199	0
1474	195	0
1475	195	0
1476	164	0
1477	93	0
1478	93	0
1479	136	0
1480	99	0
1481	95	0
1482	136	0
1483	99	0
1484	96	0
1485	165	0
1486	200	0
1487	199	0
1488	164	0
1489	123	0
1490	162	0
1491	197	0
1492	168	0
1493	122	0
1494	132	0
1495	95	0
1496	65	0
1497	64	0
1498	68	0
1499	95	0
1500	165	0
1501	168	0
1502	127	0
1503	162	0
1504	198	0
1505	199	0
1506	163	0
1507	92	0
1508	63	0
1509	95	0
1510	167	0
1511	167	0
1512	94	0
1513	94	0
1514	165	0
1515	168	0
1516	93	0
1517	94	0
1518	166	0
1519	200	0
1520	199	0
1521	195	0
1522	195	0
1523	164	0
1524	92	0
1525	95	0
1526	165	0
1527	167	0
1528	94	0
1529	92	0
1530	137	0
1531	129	0
1532	135	0
1533	96	0
1534	64	0
1535	95	0
1536	167	0
1537	167	0
1538	94	0
1539	63	0
1540	95	0
1541	138	0
1542	128	0
1543	135	0
1544	126	0
1545	136	0
1546	126	0
1547	135	0
1548	96	0
1549	95	0
1550	135	0
1551	99	0
1552	65	0
1553	93	0
1554	139	0
1555	128	0
1556	135	0
1557	95	0
1558	65	0
1559	95	0
1560	167	0
1561	200	0
1562	198	0
1563	195	0
1564	167	0
1565	123	0
1566	132	0
1567	127	0
1568	163	0
1569	197	0
1570	199	0
1571	196	0
1572	196	0
1573	196	0
1574	196	0
1575	164	0
1576	124	0
1577	161	0
1578	166	0
1579	94	0
1580	92	0
1581	138	0
1582	130	0
1583	135	0
1584	96	0
1585	65	0
1586	95	0
1587	137	0
1588	98	0
1589	65	0
1590	95	0
1591	167	0
1592	199	0
1593	168	0
1594	123	0
1595	132	0
1596	96	0
1597	97	0
1598	166	0
1599	169	0
1600	125	0
1601	131	0
1602	96	0
1603	66	0
1604	92	0
1605	139	0
1606	128	0
1607	135	0
1608	125	0
1609	135	0
1610	96	0
1611	64	0
1612	64	0
1613	68	0
1614	95	0
1615	136	0
1616	98	0
1617	64	0
1618	64	0
1619	97	0
1620	164	0
1621	168	0
1622	124	0
1623	132	0
1624	95	0
1625	65	0
1626	64	0
1627	96	0
1628	136	0
1629	99	0
1630	95	0
1631	135	0
1632	99	0
1633	95	0
1634	165	0
1635	168	0
1636	126	0
1637	161	0
1638	167	0
1639	95	0
1640	62	0
1641	95	0
1642	167	0
1643	200	0
1644	197	0
1645	195	0
1646	196	0
1647	195	0
1648	165	0
1649	123	0
1650	132	0
1651	127	0
1652	135	0
1653	95	0
1654	65	0
1655	64	0
1656	97	0
1657	166	0
1658	167	0
1659	94	0
1660	63	0
1661	94	0
1662	137	0
1663	97	0
1664	96	0
1665	165	0
1666	200	0
1667	199	0
1668	164	0
1669	92	0
1670	95	0
1671	167	0
1672	167	0
1673	93	0
1674	94	0
1675	166	0
1676	167	0
1677	91	0
1678	62	0
1679	65	0
1680	68	0
1681	96	0
1682	166	0
1683	167	0
1684	94	0
1685	63	0
1686	95	0
1687	139	0
1688	128	0
1689	135	0
1690	126	0
1691	163	0
1692	196	0
1693	168	0
1694	123	0
1695	132	0
1696	96	0
1697	65	0
1698	64	0
1699	67	0
1700	67	0
1701	67	0
1702	67	0
1703	95	0
1704	137	0
1705	99	0
1706	95	0
1707	164	0
1708	167	0
1709	93	0
1710	63	0
1711	95	0
1712	167	0
1713	168	0
1714	126	0
1715	162	0
1716	197	0
1717	167	0
1718	123	0
1719	132	0
1720	127	0
1721	163	0
1722	167	0
1723	94	0
1724	63	0
1725	96	0
1726	167	0
1727	200	0
1728	198	0
1729	163	0
1730	92	0
1731	93	0
1732	137	0
1733	99	0
1734	95	0
1735	165	0
1736	167	0
1737	95	0
1738	92	0
1739	137	0
1740	131	0
1741	163	0
1742	167	0
1743	126	0
1744	132	0
1745	127	0
1746	163	0
1747	167	0
1748	127	0
1749	163	0
1750	198	0
1751	168	0
1752	123	0
1753	132	0
1754	127	0
1755	163	0
1756	196	0
1757	167	0
1758	124	0
1759	163	0
1760	197	0
1761	167	0
1762	90	0
1763	62	0
1764	65	0
1765	68	0
1766	95	0
1767	137	0
1768	97	0
1769	64	0
1770	64	0
1771	68	0
1772	95	0
1773	138	0
1774	129	0
1775	163	0
1776	197	0
1777	199	0
1778	163	0
1779	91	0
1780	63	0
1781	66	0
1782	96	0
1783	136	0
1784	97	0
1785	64	0
1786	64	0
1787	68	0
1788	95	0
1789	137	0
1790	128	0
1791	134	0
1792	95	0
1793	64	0
1794	64	0
1795	67	0
1796	95	0
1797	137	0
1798	128	0
1799	162	0
1800	166	0
1801	127	0
1802	160	0
1803	167	0
1804	126	0
1805	132	0
1806	126	0
1807	135	0
1808	127	0
1809	163	0
1810	196	0
1811	200	0
1812	195	0
1813	164	0
1814	92	0
1815	93	0
1816	136	0
1817	99	0
1818	95	0
1819	165	0
1820	167	0
1821	93	0
1822	63	0
1823	95	0
1824	138	0
1825	128	0
1826	135	0
1827	125	0
1828	135	0
1829	127	0
1830	163	0
1831	196	0
1832	167	0
1833	123	0
1834	162	0
1835	167	0
1836	95	0
1837	93	0
1838	165	0
1839	168	0
1840	94	0
1841	93	0
1842	137	0
1843	131	0
1844	163	0
1845	165	0
1846	94	0
1847	63	0
1848	65	0
1849	96	0
1850	137	0
1851	99	0
1852	65	0
1853	94	0
1854	137	0
1855	99	0
1856	96	0
1857	165	0
1858	168	0
1859	93	0
1860	63	0
1861	95	0
1862	167	0
1863	199	0
1864	167	0
1865	92	0
1866	93	0
1867	137	0
1868	99	0
1869	64	0
1870	94	0
1871	138	0
1872	97	0
1873	96	0
1874	164	0
1875	200	0
1876	199	0
1877	195	0
1878	195	0
1879	165	0
1880	123	0
1881	132	0
1882	126	0
1883	163	0
1884	196	0
1885	199	0
1886	195	0
1887	166	0
1888	123	0
1889	162	0
1890	197	0
1891	167	0
1892	123	0
1893	162	0
1894	197	0
1895	166	0
1896	90	0
1897	63	0
1898	66	0
1899	96	0
1900	137	0
1901	129	0
1902	135	0
1903	97	0
1904	95	0
1905	136	0
1906	129	0
1907	163	0
1908	196	0
1909	167	0
1910	92	0
1911	92	0
1912	136	0
1913	98	0
1914	64	0
1915	64	0
1916	67	0
1917	96	0
1918	165	0
1919	199	0
1920	165	0
1921	91	0
1922	63	0
1923	66	0
1924	96	0
1925	165	0
1926	169	0
1927	127	0
1928	160	0
1929	167	0
1930	95	0
1931	91	0
1932	137	0
1933	131	0
1934	163	0
1935	196	0
1936	167	0
1937	123	0
1938	132	0
1939	96	0
1940	96	0
1941	165	0
1942	200	0
1943	167	0
1944	123	0
1945	132	0
1946	96	0
1947	95	0
1948	136	0
1949	129	0
1950	135	0
1951	95	0
1952	65	0
1953	65	0
1954	96	0
1955	166	0
1956	167	0
1957	126	0
1958	161	0
1959	197	0
1960	167	0
1961	123	0
1962	162	0
1963	197	0
1964	167	0
1965	122	0
1966	131	0
1967	96	0
1968	66	0
1969	95	0
1970	167	0
1971	168	0
1972	127	0
1973	161	0
1974	198	0
1975	199	0
1976	164	0
1977	91	0
1978	63	0
1979	67	0
1980	95	0
1981	137	0
1982	129	0
1983	135	0
1984	125	0
1985	135	0
1986	96	0
1987	66	0
1988	93	0
1989	139	0
1990	128	0
1991	135	0
1992	127	0
1993	163	0
1994	166	0
1995	126	0
1996	132	0
1997	127	0
1998	135	0
1999	127	0
2000	163	0
2001	166	0
2002	94	0
2003	61	0
2004	66	0
2005	68	0
2006	96	0
2007	166	0
2008	168	0
2009	125	0
2010	131	0
2011	126	0
2012	163	0
2013	197	0
2014	199	0
2015	196	0
2016	196	0
2017	163	0
2018	92	0
2019	63	0
2020	95	0
2021	139	0
2022	129	0
2023	135	0
2024	126	0
2025	135	0
2026	96	0
2027	64	0
2028	64	0
2029	67	0
2030	96	0
2031	165	0
2032	167	0
2033	93	0
2034	63	0
2035	95	0
2036	166	0
2037	168	0
2038	126	0
2039	162	0
2040	197	0
2041	199	0
2042	195	0
2043	164	0
2044	91	0
2045	63	0
2046	65	0
2047	67	0
2048	67	0
2049	67	0
2050	96	0
2051	137	0
2052	129	0
2053	163	0
2054	165	0
2055	93	0
2056	63	0
2057	64	0
2058	67	0
2059	67	0
2060	67	0
2061	67	0
2062	67	0
2063	97	0
2064	164	0
2065	199	0
2066	165	0
2067	91	0
2068	63	0
2069	65	0
2070	97	0
2071	165	0
2072	168	0
2073	94	0
2074	95	0
2075	165	0
2076	200	0
2077	199	0
2078	195	0
2079	196	0
2080	196	0
2081	196	0
2082	166	0
2083	123	0
2084	132	0
2085	126	0
2086	163	0
2087	197	0
2088	167	0
2089	91	0
2090	95	0
2091	165	0
2092	168	0
2093	93	0
2094	94	0
2095	166	0
2096	200	0
2097	166	0
2098	92	0
2099	63	0
2100	95	0
2101	167	0
2102	167	0
2103	93	0
2104	63	0
2105	95	0
2106	138	0
2107	97	0
2108	96	0
2109	166	0
2110	168	0
2111	93	0
2112	93	0
2113	137	0
2114	131	0
2115	163	0
2116	165	0
2117	95	0
2118	92	0
2119	137	0
2120	129	0
2121	135	0
2122	96	0
2123	66	0
2124	95	0
2125	139	0
2126	129	0
2127	163	0
2128	197	0
2129	199	0
2130	164	0
2131	92	0
2132	93	0
2133	137	0
2134	131	0
2135	163	0
2136	197	0
2137	199	0
2138	163	0
2139	92	0
2140	63	0
2141	94	0
2142	137	0
2143	97	0
2144	65	0
2145	95	0
2146	165	0
2147	168	0
2148	125	0
2149	131	0
2150	96	0
2151	65	0
2152	64	0
2153	67	0
2154	67	0
2155	97	0
2156	165	0
2157	167	0
2158	95	0
2159	92	0
2160	137	0
2161	129	0
2162	163	0
2163	196	0
2164	167	0
2165	93	0
2166	92	0
2167	136	0
2168	99	0
2169	96	0
2170	165	0
2171	200	0
2172	166	0
2173	91	0
2174	63	0
2175	94	0
2176	139	0
2177	129	0
2178	163	0
2179	196	0
2180	167	0
2181	92	0
2182	93	0
2183	165	0
2184	169	0
2185	125	0
2186	132	0
2187	126	0
2188	135	0
2189	95	0
2190	66	0
2191	93	0
2192	139	0
2193	128	0
2194	135	0
2195	95	0
2196	67	0
2197	95	0
2198	166	0
2199	200	0
2200	198	0
2201	195	0
2202	164	0
2203	93	0
2204	93	0
2205	137	0
2206	99	0
2207	94	0
2208	136	0
2209	128	0
2210	135	0
2211	96	0
2212	95	0
2213	136	0
2214	98	0
2215	65	0
2216	92	0
2217	139	0
2218	128	0
2219	135	0
2220	126	0
2221	164	0
2222	197	0
2223	198	0
2224	164	0
2225	93	0
2226	93	0
2227	136	0
2228	99	0
2229	64	0
2230	95	0
2231	138	0
2232	99	0
2233	95	0
2234	135	0
2235	99	0
2236	64	0
2237	95	0
2238	167	0
2239	168	0
2240	125	0
2241	131	0
2242	127	0
2243	135	0
2244	96	0
2245	96	0
2246	165	0
2247	168	0
2248	93	0
2249	63	0
2250	95	0
2251	166	0
2252	167	0
2253	93	0
2254	62	0
2255	64	0
2256	68	0
2257	67	0
2258	67	0
2259	95	0
2260	137	0
2261	99	0
2262	95	0
2263	135	0
2264	130	0
2265	163	0
2266	196	0
2267	199	0
2268	195	0
2269	196	0
2270	196	0
2271	165	0
2272	124	0
2273	132	0
2274	127	0
2275	163	0
2276	167	0
2277	126	0
2278	162	0
2279	198	0
2280	167	0
2281	91	0
2282	92	0
2283	136	0
2284	99	0
2285	63	0
2286	64	0
2287	67	0
2288	67	0
2289	96	0
2290	165	0
2291	200	0
2292	167	0
2293	123	0
2294	163	0
2295	197	0
2296	199	0
2297	195	0
2298	164	0
2299	92	0
2300	93	0
2301	137	0
2302	129	0
2303	135	0
2304	125	0
2305	135	0
2306	96	0
2307	65	0
2308	94	0
2309	167	0
2310	167	0
2311	94	0
2312	63	0
2313	94	0
2314	137	0
2315	98	0
2316	95	0
2317	164	0
2318	168	0
2319	126	0
2320	162	0
2321	167	0
2322	127	0
2323	161	0
2324	167	0
2325	94	0
2326	93	0
2327	165	0
2328	169	0
2329	125	0
2330	161	0
2331	197	0
2332	199	0
2333	164	0
2334	92	0
2335	95	0
2336	166	0
2337	167	0
2338	93	0
2339	63	0
2340	94	0
2341	139	0
2342	129	0
2343	163	0
2344	196	0
2345	167	0
2346	124	0
2347	162	0
2348	198	0
2349	168	0
2350	123	0
2351	132	0
2352	127	0
2353	164	0
2354	196	0
2355	199	0
2356	196	0
2357	166	0
2358	124	0
2359	163	0
2360	197	0
2361	199	0
2362	195	0
2363	164	0
2364	92	0
2365	63	0
2366	94	0
2367	137	0
2368	99	0
2369	95	0
2370	135	0
2371	129	0
2372	135	0
2373	126	0
2374	163	0
2375	165	0
2376	94	0
2377	93	0
2378	166	0
2379	200	0
2380	166	0
2381	92	0
2382	92	0
2383	137	0
2384	130	0
2385	135	0
2386	97	0
2387	96	0
2388	164	0
2389	200	0
2390	167	0
2391	123	0
2392	161	0
2393	167	0
2394	126	0
2395	132	0
2396	97	0
2397	96	0
2398	167	0
2399	200	0
2400	199	0
2401	195	0
2402	196	0
2403	196	0
2404	167	0
2405	123	0
2406	131	0
2407	97	0
2408	65	0
2409	95	0
2410	167	0
2411	200	0
2412	167	0
2413	91	0
2414	94	0
2415	165	0
2416	169	0
2417	93	0
2418	94	0
2419	167	0
2420	201	0
2421	165	0
2422	91	0
2423	93	0
2424	165	0
2425	170	0
2426	125	0
2427	132	0
2428	127	0
2429	163	0
2430	167	0
2431	95	0
2432	92	0
2433	166	0
2434	168	0
2435	126	0
2436	161	0
2437	167	0
2438	95	0
2439	91	0
2440	137	0
2441	131	0
2442	163	0
2443	196	0
2444	167	0
2445	92	0
2446	93	0
2447	137	0
2448	128	0
2449	135	0
2450	126	0
2451	163	0
2452	196	0
2453	167	0
2454	123	0
2455	131	0
2456	127	0
2457	163	0
2458	196	0
2459	199	0
2460	195	0
2461	165	0
2462	123	0
2463	132	0
2464	127	0
2465	163	0
2466	196	0
2467	167	0
2468	91	0
2469	63	0
2470	95	0
2471	167	0
2472	200	0
2473	167	0
2474	123	0
2475	132	0
2476	97	0
2477	95	0
2478	135	0
2479	98	0
2480	65	0
2481	64	0
2482	97	0
2483	165	0
2484	168	0
2485	95	0
2486	92	0
2487	137	0
2488	131	0
2489	163	0
2490	196	0
2491	166	0
2492	92	0
2493	63	0
2494	95	0
2495	167	0
2496	167	0
2497	93	0
2498	94	0
2499	165	0
2500	169	0
2501	124	0
2502	131	0
2503	96	0
2504	65	0
2505	64	0
2506	67	0
2507	68	0
2508	96	0
2509	165	0
2510	200	0
2511	198	0
2512	165	0
2513	123	0
2514	133	0
2515	127	0
2516	135	0
2517	126	0
2518	163	0
2519	197	0
2520	167	0
2521	91	0
2522	95	0
2523	167	0
2524	201	0
2525	167	0
2526	123	0
2527	132	0
2528	97	0
2529	95	0
2530	135	0
2531	98	0
2532	64	0
2533	64	0
2534	96	0
2535	136	0
2536	99	0
2537	65	0
2538	93	0
2539	138	0
2540	129	0
2541	163	0
2542	197	0
2543	199	0
2544	195	0
2545	195	0
2546	163	0
2547	91	0
2548	62	0
2549	65	0
2550	68	0
2551	95	0
2552	136	0
2553	98	0
2554	64	0
2555	64	0
2556	67	0
2557	67	0
2558	67	0
2559	67	0
2560	95	0
2561	137	0
2562	99	0
2563	65	0
2564	93	0
2565	139	0
2566	128	0
2567	163	0
2568	197	0
2569	199	0
2570	195	0
2571	163	0
2572	91	0
2573	63	0
2574	65	0
2575	67	0
2576	67	0
2577	95	0
2578	137	0
2579	129	0
2580	163	0
2581	196	0
2582	199	0
2583	195	0
2584	164	0
2585	91	0
2586	62	0
2587	65	0
2588	67	0
2589	96	0
2590	165	0
2591	168	0
2592	126	0
2593	161	0
2594	197	0
2595	199	0
2596	195	0
2597	196	0
2598	196	0
2599	196	0
2600	195	0
2601	195	0
2602	196	0
2603	195	0
2604	195	0
2605	196	0
2606	195	0
2607	165	0
2608	124	0
2609	161	0
2610	198	0
2611	199	0
2612	195	0
2613	196	0
2614	196	0
2615	164	0
2616	91	0
2617	63	0
2618	65	0
2619	67	0
2620	95	0
2621	165	0
2622	167	0
2623	127	0
2624	161	0
2625	167	0
2626	127	0
2627	161	0
2628	197	0
2629	199	0
2630	195	0
2631	195	0
2632	195	0
2633	164	0
2634	91	0
2635	62	0
2636	64	0
2637	67	0
2638	67	0
2639	95	0
2640	137	0
2641	129	0
2642	163	0
2643	166	0
2644	127	0
2645	160	0
2646	165	0
2647	93	0
2648	60	0
2649	65	0
2650	67	0
2651	67	0
2652	67	0
2653	95	0
2654	137	0
2655	99	0
2656	96	0
2657	164	0
2658	168	0
2659	126	0
2660	160	0
2661	167	0
2662	127	0
2663	162	0
2664	198	0
2665	199	0
2666	196	0
2667	195	0
2668	196	0
2669	196	0
2670	163	0
2671	91	0
2672	62	0
2673	65	0
2674	67	0
2675	95	0
2676	136	0
2677	98	0
2678	65	0
2679	93	0
2680	137	0
2681	97	0
2682	64	0
2683	64	0
2684	96	0
2685	136	0
2686	99	0
2687	95	0
2688	136	0
2689	128	0
2690	135	0
2691	96	0
2692	96	0
2693	164	0
2694	167	0
2695	93	0
2696	63	0
2697	94	0
2698	137	0
2699	97	0
2700	65	0
2701	94	0
2702	137	0
2703	129	0
2704	162	0
2705	165	0
2706	95	0
2707	63	0
2708	95	0
2709	167	0
2710	199	0
2711	167	0
2712	123	0
2713	162	0
2714	198	0
2715	199	0
2716	196	0
2717	196	0
2718	164	0
2719	91	0
2720	62	0
2721	65	0
2722	67	0
2723	66	0
2724	68	0
2725	95	0
2726	137	0
2727	99	0
2728	96	0
2729	165	0
2730	168	0
2731	93	0
2732	92	0
2733	136	0
2734	131	0
2735	163	0
2736	196	0
2737	199	0
2738	195	0
2739	163	0
2740	91	0
2741	63	0
2742	95	0
2743	165	0
2744	167	0
2745	93	0
2746	93	0
2747	165	0
2748	169	0
2749	124	0
2750	132	0
2751	125	0
2752	135	0
2753	95	0
2754	65	0
2755	65	0
2756	98	0
2757	167	0
2758	200	0
2759	167	0
2760	123	0
2761	133	0
2762	127	0
2763	136	0
2764	96	0
2765	95	0
2766	136	0
2767	129	0
2768	135	0
2769	127	0
2770	163	0
2771	197	0
2772	199	0
2773	166	0
2774	123	0
2775	132	0
2776	96	0
2777	65	0
2778	93	0
2779	167	0
2780	200	0
2781	198	0
2782	164	0
2783	92	0
2784	93	0
2785	137	0
2786	130	0
2787	163	0
2788	196	0
2789	198	0
2790	163	0
2791	91	0
2792	62	0
2793	66	0
2794	96	0
2795	166	0
2796	199	0
2797	168	0
2798	123	0
2799	132	0
2800	96	0
2801	65	0
2802	93	0
2803	138	0
2804	99	0
2805	95	0
2806	135	0
2807	99	0
2808	95	0
2809	135	0
2810	99	0
2811	65	0
2812	93	0
2813	138	0
2814	97	0
2815	64	0
2816	64	0
2817	67	0
2818	67	0
2819	68	0
2820	97	0
2821	165	0
2822	200	0
2823	167	0
2824	123	0
2825	132	0
2826	127	0
2827	135	0
2828	125	0
2829	135	0
2830	96	0
2831	96	0
2832	165	0
2833	169	0
2834	126	0
2835	160	0
2836	167	0
2837	127	0
2838	132	0
2839	127	0
2840	135	0
2841	126	0
2842	135	0
2843	96	0
2844	67	0
2845	93	0
2846	139	0
2847	128	0
2848	162	0
2849	165	0
2850	94	0
2851	63	0
2852	95	0
2853	167	0
2854	200	0
2855	199	0
2856	195	0
2857	195	0
2858	196	0
2859	196	0
2860	196	0
2861	195	0
2862	164	0
2863	123	0
2864	161	0
2865	197	0
2866	199	0
2867	195	0
2868	165	0
2869	124	0
2870	162	0
2871	167	0
2872	125	0
2873	131	0
2874	97	0
2875	67	0
2876	93	0
2877	139	0
2878	129	0
2879	163	0
2880	196	0
2881	167	0
2882	92	0
2883	94	0
2884	166	0
2885	200	0
2886	167	0
2887	123	0
2888	161	0
2889	168	0
2890	126	0
2891	132	0
2892	97	0
2893	96	0
2894	165	0
2895	168	0
2896	126	0
2897	161	0
2898	197	0
2899	199	0
2900	165	0
2901	123	0
2902	132	0
2903	127	0
2904	163	0
2905	165	0
2906	93	0
2907	61	0
2908	65	0
2909	67	0
2910	67	0
2911	95	0
2912	137	0
2913	128	0
2914	162	0
2915	196	0
2916	198	0
2917	164	0
2918	92	0
2919	95	0
2920	165	0
2921	200	0
2922	167	0
2923	123	0
2924	132	0
2925	97	0
2926	95	0
2927	135	0
2928	99	0
2929	95	0
2930	136	0
2931	99	0
2932	95	0
2933	136	0
2934	130	0
2935	135	0
2936	126	0
2937	135	0
2938	96	0
2939	65	0
2940	93	0
2941	138	0
2942	99	0
2943	96	0
2944	165	0
2945	167	0
2946	94	0
2947	94	0
2948	165	0
2949	201	0
2950	198	0
2951	164	0
2952	123	0
2953	162	0
2954	197	0
2955	199	0
2956	195	0
2957	164	0
2958	93	0
2959	93	0
2960	136	0
2961	98	0
2962	64	0
2963	65	0
2964	96	0
2965	165	0
2966	168	0
2967	125	0
2968	132	0
2969	127	0
2970	136	0
2971	125	0
2972	135	0
2973	95	0
2974	96	0
2975	136	0
2976	130	0
2977	135	0
2978	96	0
2979	64	0
2980	64	0
2981	67	0
2982	67	0
2983	95	0
2984	137	0
2985	128	0
2986	135	0
2987	126	0
2988	163	0
2989	165	0
2990	95	0
2991	92	0
2992	136	0
2993	129	0
2994	134	0
2995	96	0
2996	65	0
2997	93	0
2998	139	0
2999	128	0
3000	135	0
3001	95	0
3002	64	0
3003	64	0
3004	97	0
3005	167	0
3006	167	0
3007	95	0
3008	92	0
3009	136	0
3010	129	0
3011	135	0
3012	127	0
3013	163	0
3014	165	0
3015	93	0
3016	61	0
3017	64	0
3018	67	0
3019	67	0
3020	96	0
3021	167	0
3022	200	0
3023	167	0
3024	92	0
3025	92	0
3026	137	0
3027	131	0
3028	163	0
3029	196	0
3030	199	0
3031	164	0
3032	124	0
3033	162	0
3034	197	0
3035	167	0
3036	91	0
3037	93	0
3038	137	0
3039	130	0
3040	135	0
3041	96	0
3042	96	0
3043	164	0
3044	168	0
3045	92	0
3046	62	0
3047	64	0
3048	68	0
3049	95	0
3050	137	0
3051	129	0
3052	162	0
3053	167	0
3054	126	0
3055	132	0
3056	96	0
3057	64	0
3058	63	0
3059	68	0
3060	96	0
3061	165	0
3062	199	0
3063	167	0
3064	91	0
3065	63	0
3066	95	0
3067	137	0
3068	97	0
3069	64	0
3070	95	0
3071	167	0
3072	167	0
3073	93	0
3074	61	0
3075	95	0
3076	166	0
3077	200	0
3078	166	0
3079	91	0
3080	94	0
3081	165	0
3082	168	0
3083	92	0
3084	63	0
3085	65	0
3086	98	0
3087	165	0
3088	168	0
3089	94	0
3090	93	0
3091	137	0
3092	99	0
3093	95	0
3094	135	0
3095	99	0
3096	95	0
3097	136	0
3098	99	0
3099	65	0
3100	94	0
3101	138	0
3102	99	0
3103	95	0
3104	135	0
3105	99	0
3106	64	0
3107	65	0
3108	97	0
3109	166	0
3110	199	0
3111	197	0
3112	165	0
3113	123	0
3114	132	0
3115	127	0
3116	163	0
3117	167	0
3118	127	0
3119	163	0
3120	199	0
3121	199	0
3122	195	0
3123	195	0
3124	165	0
3125	123	0
3126	132	0
3127	125	0
3128	134	0
3129	95	0
3130	96	0
3131	165	0
3132	201	0
3133	167	0
3134	124	0
3135	163	0
3136	166	0
3137	93	0
3138	63	0
3139	95	0
3140	167	0
3141	200	0
3142	167	0
3143	91	0
3144	63	0
3145	65	0
3146	67	0
3147	67	0
3148	67	0
3149	96	0
3150	165	0
3151	167	0
3152	126	0
3153	160	0
3154	167	0
3155	127	0
3156	131	0
3157	97	0
3158	95	0
3159	136	0
3160	128	0
3161	134	0
3162	96	0
3163	66	0
3164	94	0
3165	137	0
3166	98	0
3167	64	0
3168	64	0
3169	96	0
3170	166	0
3171	199	0
3172	165	0
3173	91	0
3174	94	0
3175	166	0
3176	169	0
3177	124	0
3178	132	0
3179	126	0
3180	135	0
3181	95	0
3182	64	0
3183	64	0
3184	68	0
3185	95	0
3186	136	0
3187	99	0
3188	64	0
3189	94	0
3190	166	0
3191	167	0
3192	95	0
3193	63	0
3194	95	0
3195	167	0
3196	200	0
3197	167	0
3198	123	0
3199	161	0
3200	165	0
3201	93	0
3202	62	0
3203	65	0
3204	96	0
3205	137	0
3206	98	0
3207	65	0
3208	95	0
3209	167	0
3210	168	0
3211	125	0
3212	131	0
3213	96	0
3214	66	0
3215	94	0
3216	167	0
3217	168	0
3218	127	0
3219	161	0
3220	167	0
3221	94	0
3222	62	0
3223	95	0
3224	167	0
3225	168	0
3226	126	0
3227	163	0
3228	197	0
3229	199	0
3230	165	0
3231	124	0
3232	161	0
3233	167	0
3234	93	0
3235	61	0
3236	65	0
3237	68	0
3238	95	0
3239	136	0
3240	99	0
3241	65	0
3242	95	0
3243	167	0
3244	168	0
3245	95	0
3246	93	0
3247	167	0
3248	200	0
3249	199	0
3250	195	0
3251	196	0
3252	196	0
3253	195	0
3254	164	0
3255	91	0
3256	63	0
3257	64	0
3258	67	0
3259	67	0
3260	95	0
3261	137	0
3262	99	0
3263	64	0
3264	63	0
3265	67	0
3266	67	0
3267	67	0
3268	67	0
3269	96	0
3270	136	0
3271	99	0
3272	94	0
3273	135	0
3274	99	0
3275	95	0
3276	165	0
3277	169	0
3278	125	0
3279	131	0
3280	96	0
3281	65	0
3282	64	0
3283	67	0
3284	67	0
3285	96	0
3286	165	0
3287	167	0
3288	127	0
3289	160	0
3290	166	0
3291	95	0
3292	91	0
3293	136	0
3294	100	0
3295	95	0
3296	136	0
3297	130	0
3298	163	0
3299	196	0
3300	167	0
3301	124	0
3302	163	0
3303	197	0
3304	168	0
3305	123	0
3306	161	0
3307	197	0
3308	199	0
3309	164	0
3310	92	0
3311	95	0
3312	165	0
3313	168	0
3314	124	0
3315	132	0
3316	127	0
3317	163	0
3318	197	0
3319	199	0
3320	195	0
3321	165	0
3322	124	0
3323	162	0
3324	166	0
3325	93	0
3326	93	0
3327	165	0
3328	169	0
3329	125	0
3330	162	0
3331	197	0
3332	199	0
3333	165	0
3334	123	0
3335	133	0
3336	127	0
3337	163	0
3338	196	0
3339	167	0
3340	91	0
3341	63	0
3342	65	0
3343	68	0
3344	67	0
3345	96	0
3346	166	0
3347	200	0
3348	199	0
3349	195	0
3350	195	0
3351	164	0
3352	92	0
3353	63	0
3354	93	0
3355	137	0
3356	96	0
3357	64	0
3358	65	0
3359	96	0
3360	137	0
3361	99	0
3362	65	0
3363	94	0
3364	139	0
3365	128	0
3366	135	0
3367	127	0
3368	163	0
3369	166	0
3370	127	0
3371	162	0
3372	167	0
3373	127	0
3374	161	0
3375	197	0
3376	168	0
3377	123	0
3378	131	0
3379	96	0
3380	65	0
3381	95	0
3382	167	0
3383	168	0
3384	127	0
3385	161	0
3386	167	0
3387	125	0
3388	131	0
3389	96	0
3390	65	0
3391	64	0
3392	67	0
3393	67	0
3394	67	0
3395	67	0
3396	67	0
3397	96	0
3398	137	0
3399	128	0
3400	135	0
3401	96	0
3402	95	0
3403	135	0
3404	99	0
3405	95	0
3406	135	0
3407	130	0
3408	135	0
3409	127	0
3410	163	0
3411	196	0
3412	167	0
3413	91	0
3414	94	0
3415	166	0
3416	168	0
3417	92	0
3418	63	0
3419	94	0
3420	138	0
3421	129	0
3422	163	0
3423	167	0
3424	127	0
3425	132	0
3426	126	0
3427	135	0
3428	125	0
3429	135	0
3430	96	0
3431	95	0
3432	136	0
3433	130	0
3434	163	0
3435	197	0
3436	167	0
3437	91	0
3438	63	0
3439	66	0
3440	95	0
3441	137	0
3442	129	0
3443	163	0
3444	165	0
3445	95	0
3446	94	0
3447	165	0
3448	200	0
3449	165	0
3450	91	0
3451	63	0
3452	95	0
3453	167	0
3454	200	0
3455	168	0
3456	123	0
3457	132	0
3458	96	0
3459	65	0
3460	64	0
3461	67	0
3462	67	0
3463	97	0
3464	166	0
3465	200	0
3466	198	0
3467	195	0
3468	196	0
3469	195	0
3470	165	0
3471	123	0
3472	132	0
3473	97	0
3474	96	0
3475	165	0
3476	200	0
3477	166	0
3478	91	0
3479	63	0
3480	95	0
3481	138	0
3482	99	0
3483	95	0
3484	165	0
3485	200	0
3486	166	0
3487	123	0
3488	162	0
3489	167	0
3490	127	0
3491	162	0
3492	167	0
3493	95	0
3494	92	0
3495	136	0
3496	99	0
3497	65	0
3498	93	0
3499	138	0
3500	98	0
3501	66	0
3502	93	0
3503	139	0
3504	129	0
3505	163	0
3506	196	0
3507	167	0
3508	92	0
3509	63	0
3510	95	0
3511	137	0
3512	99	0
3513	95	0
3514	136	0
3515	99	0
3516	95	0
3517	165	0
3518	168	0
3519	92	0
3520	63	0
3521	66	0
3522	96	0
3523	137	0
3524	97	0
3525	65	0
3526	95	0
3527	167	0
3528	168	0
3529	95	0
3530	92	0
3531	137	0
3532	129	0
3533	135	0
3534	97	0
3535	95	0
3536	136	0
3537	99	0
3538	96	0
3539	164	0
3540	168	0
3541	93	0
3542	95	0
3543	166	0
3544	200	0
3545	167	0
3546	123	0
3547	133	0
3548	127	0
3549	163	0
3550	167	0
3551	127	0
3552	162	0
3553	198	0
3554	199	0
3555	195	0
3556	165	0
3557	123	0
3558	133	0
3559	127	0
3560	135	0
3561	126	0
3562	135	0
3563	95	0
3564	66	0
3565	94	0
3566	167	0
3567	168	0
3568	127	0
3569	162	0
3570	198	0
3571	166	0
3572	91	0
3573	93	0
3574	136	0
3575	130	0
3576	163	0
3577	196	0
3578	199	0
3579	195	0
3580	165	0
3581	123	0
3582	132	0
3583	127	0
3584	163	0
3585	167	0
3586	126	0
3587	132	0
3588	127	0
3589	163	0
3590	165	0
3591	93	0
3592	61	0
3593	65	0
3594	67	0
3595	67	0
3596	96	0
3597	165	0
3598	199	0
3599	198	0
3600	164	0
3601	123	0
3602	133	0
3603	127	0
3604	163	0
3605	197	0
3606	199	0
3607	195	0
3608	164	0
3609	91	0
3610	63	0
3611	93	0
3612	137	0
3613	128	0
3614	163	0
3615	196	0
3616	167	0
3617	123	0
3618	161	0
3619	197	0
3620	165	0
3621	90	0
3622	62	0
3623	65	0
3624	67	0
3625	67	0
3626	95	0
3627	137	0
3628	99	0
3629	95	0
3630	135	0
3631	99	0
3632	95	0
3633	136	0
3634	99	0
3635	95	0
3636	165	0
3637	200	0
3638	167	0
3639	123	0
3640	163	0
3641	197	0
3642	167	0
3643	123	0
3644	161	0
3645	166	0
3646	93	0
3647	61	0
3648	64	0
3649	68	0
3650	96	0
3651	166	0
3652	199	0
3653	167	0
3654	91	0
3655	63	0
3656	95	0
3657	167	0
3658	167	0
3659	93	0
3660	62	0
3661	64	0
3662	68	0
3663	67	0
3664	96	0
3665	165	0
3666	167	0
3667	94	0
3668	93	0
3669	137	0
3670	129	0
3671	134	0
3672	96	0
3673	96	0
3674	164	0
3675	200	0
3676	199	0
3677	195	0
3678	196	0
3679	196	0
3680	195	0
3681	165	0
3682	123	0
3683	162	0
3684	197	0
3685	199	0
3686	164	0
3687	92	0
3688	93	0
3689	165	0
3690	200	0
3691	165	0
3692	91	0
3693	63	0
3694	65	0
3695	96	0
3696	167	0
3697	167	0
3698	92	0
3699	62	0
3700	65	0
3701	96	0
3702	136	0
3703	97	0
3704	64	0
3705	65	0
3706	97	0
3707	167	0
3708	199	0
3709	165	0
3710	91	0
3711	63	0
3712	95	0
3713	167	0
3714	200	0
3715	167	0
3716	91	0
3717	93	0
3718	166	0
3719	200	0
3720	167	0
3721	91	0
3722	94	0
3723	167	0
3724	168	0
3725	95	0
3726	93	0
3727	137	0
3728	131	0
3729	163	0
3730	166	0
3731	95	0
3732	95	0
3733	165	0
3734	200	0
3735	166	0
3736	92	0
3737	92	0
3738	136	0
3739	98	0
3740	64	0
3741	65	0
3742	96	0
3743	137	0
3744	128	0
3745	135	0
3746	95	0
3747	64	0
3748	65	0
3749	67	0
3750	95	0
3751	136	0
3752	98	0
3753	64	0
3754	64	0
3755	68	0
3756	95	0
3757	137	0
3758	128	0
3759	134	0
3760	125	0
3761	163	0
3762	164	0
3763	93	0
3764	61	0
3765	65	0
3766	96	0
3767	165	0
3768	199	0
3769	198	0
3770	195	0
3771	196	0
3772	196	0
3773	163	0
3774	91	0
3775	63	0
3776	66	0
3777	95	0
3778	137	0
3779	99	0
3780	95	0
3781	135	0
3782	131	0
3783	163	0
3784	166	0
3785	95	0
3786	63	0
3787	93	0
3788	138	0
3789	128	0
3790	135	0
3791	96	0
3792	65	0
3793	95	0
3794	166	0
3795	168	0
3796	125	0
3797	132	0
3798	125	0
3799	135	0
3800	127	0
3801	163	0
3802	167	0
3803	95	0
3804	92	0
3805	137	0
3806	128	0
3807	135	0
3808	96	0
3809	96	0
3810	165	0
3811	200	0
3812	166	0
3813	92	0
3814	93	0
3815	165	0
3816	169	0
3817	125	0
3818	161	0
3819	167	0
3820	95	0
3821	92	0
3822	136	0
3823	129	0
3824	163	0
3825	166	0
3826	127	0
3827	160	0
3828	166	0
3829	127	0
3830	161	0
3831	167	0
3832	127	0
3833	132	0
3834	127	0
3835	163	0
3836	167	0
3837	95	0
3838	92	0
3839	138	0
3840	99	0
3841	96	0
3842	165	0
3843	200	0
3844	167	0
3845	123	0
3846	132	0
3847	97	0
3848	95	0
3849	135	0
3850	99	0
3851	96	0
3852	165	0
3853	168	0
3854	92	0
3855	63	0
3856	64	0
3857	67	0
3858	67	0
3859	67	0
3860	96	0
3861	165	0
3862	200	0
3863	198	0
3864	195	0
3865	165	0
3866	124	0
3867	162	0
3868	198	0
3869	199	0
3870	165	0
3871	123	0
3872	132	0
3873	96	0
3874	66	0
3875	92	0
3876	139	0
3877	128	0
3878	135	0
3879	126	0
3880	135	0
3881	97	0
3882	95	0
3883	136	0
3884	98	0
3885	64	0
3886	64	0
3887	68	0
3888	95	0
3889	138	0
3890	128	0
3891	135	0
3892	96	0
3893	95	0
3894	136	0
3895	130	0
3896	163	0
3897	196	0
3898	167	0
3899	92	0
3900	94	0
3901	165	0
3902	169	0
3903	125	0
3904	161	0
3905	198	0
3906	199	0
3907	195	0
3908	195	0
3909	196	0
3910	164	0
3911	92	0
3912	94	0
3913	165	0
3914	168	0
3915	93	0
3916	93	0
3917	165	0
3918	169	0
3919	125	0
3920	161	0
3921	197	0
3922	165	0
3923	91	0
3924	93	0
3925	137	0
3926	131	0
3927	163	0
3928	167	0
3929	126	0
3930	132	0
3931	126	0
3932	135	0
3933	126	0
3934	163	0
3935	196	0
3936	167	0
3937	123	0
3938	163	0
3939	197	0
3940	168	0
3941	123	0
3942	131	0
3943	97	0
3944	95	0
3945	136	0
3946	131	0
3947	163	0
3948	166	0
3949	95	0
3950	63	0
3951	95	0
3952	165	0
3953	168	0
3954	126	0
3955	161	0
3956	167	0
3957	126	0
3958	131	0
3959	96	0
3960	66	0
3961	94	0
3962	167	0
3963	200	0
3964	199	0
3965	195	0
3966	166	0
3967	123	0
3968	132	0
3969	127	0
3970	163	0
3971	197	0
3972	199	0
3973	165	0
3974	124	0
3975	161	0
3976	197	0
3977	165	0
3978	91	0
3979	63	0
3980	65	0
3981	68	0
3982	96	0
3983	166	0
3984	200	0
3985	197	0
3986	163	0
3987	92	0
3988	93	0
3989	136	0
3990	99	0
3991	95	0
3992	165	0
3993	200	0
3994	199	0
3995	164	0
3996	92	0
3997	93	0
3998	137	0
3999	131	0
4000	163	0
4001	196	0
4002	199	0
4003	195	0
4004	195	0
4005	165	0
4006	123	0
4007	132	0
4008	126	0
4009	135	0
4010	95	0
4011	64	0
4012	64	0
4013	68	0
4014	68	0
4015	96	0
4016	136	0
4017	99	0
4018	65	0
4019	93	0
4020	138	0
4021	99	0
4022	95	0
4023	135	0
4024	129	0
4025	135	0
4026	96	0
4027	95	0
4028	135	0
4029	128	0
4030	135	0
4031	95	0
4032	67	0
4033	93	0
4034	137	0
4035	98	0
4036	96	0
4037	165	0
4038	200	0
4039	166	0
4040	92	0
4041	92	0
4042	137	0
4043	131	0
4044	163	0
4045	165	0
4046	93	0
4047	63	0
4048	95	0
4049	167	0
4050	167	0
4051	94	0
4052	92	0
4053	136	0
4054	99	0
4055	95	0
4056	136	0
4057	128	0
4058	135	0
4059	95	0
4060	65	0
4061	65	0
4062	68	0
4063	95	0
4064	137	0
4065	128	0
4066	135	0
4067	125	0
4068	135	0
4069	96	0
4070	65	0
4071	94	0
4072	137	0
4073	98	0
4074	65	0
4075	95	0
4076	167	0
4077	200	0
4078	197	0
4079	164	0
4080	91	0
4081	63	0
4082	95	0
4083	167	0
4084	200	0
4085	167	0
4086	92	0
4087	92	0
4088	136	0
4089	99	0
4090	96	0
4091	164	0
4092	200	0
4093	167	0
4094	123	0
4095	132	0
4096	127	0
4097	163	0
4098	167	0
4099	126	0
4100	132	0
4101	97	0
4102	95	0
4103	165	0
4104	200	0
4105	166	0
4106	91	0
4107	63	0
4108	95	0
4109	167	0
4110	169	0
4111	125	0
4112	131	0
4113	96	0
4114	96	0
4115	165	0
4116	200	0
4117	167	0
4118	92	0
4119	92	0
4120	137	0
4121	131	0
4122	163	0
4123	167	0
4124	126	0
4125	132	0
4126	97	0
4127	95	0
4128	135	0
4129	99	0
4130	65	0
4131	93	0
4132	139	0
4133	129	0
4134	161	0
4135	167	0
4136	127	0
4137	132	0
4138	127	0
4139	163	0
4140	196	0
4141	199	0
4142	195	0
4143	196	0
4144	195	0
4145	196	0
4146	164	0
4147	92	0
4148	92	0
4149	136	0
4150	98	0
4151	64	0
4152	94	0
4153	137	0
4154	97	0
4155	64	0
4156	63	0
4157	68	0
4158	95	0
4159	137	0
4160	96	0
4161	66	0
4162	93	0
4163	138	0
4164	97	0
4165	64	0
4166	64	0
4167	68	0
4168	95	0
4169	137	0
4170	128	0
4171	135	0
4172	95	0
4173	65	0
4174	64	0
4175	67	0
4176	96	0
4177	166	0
4178	199	0
4179	167	0
4180	92	0
4181	94	0
4182	166	0
4183	168	0
4184	126	0
4185	160	0
4186	167	0
4187	127	0
4188	131	0
4189	97	0
4190	96	0
4191	166	0
4192	200	0
4193	165	0
4194	91	0
4195	62	0
4196	66	0
4197	96	0
4198	166	0
4199	199	0
4200	165	0
4201	91	0
4202	63	0
4203	66	0
4204	96	0
4205	138	0
4206	129	0
4207	135	0
4208	126	0
4209	163	0
4210	167	0
4211	125	0
4212	131	0
4213	97	0
4214	96	0
4215	166	0
4216	200	0
4217	167	0
4218	92	0
4219	93	0
4220	165	0
4221	170	0
4222	125	0
4223	131	0
4224	97	0
4225	95	0
4226	135	0
4227	99	0
4228	65	0
4229	93	0
4230	139	0
4231	128	0
4232	135	0
4233	95	0
4234	65	0
4235	64	0
4236	97	0
4237	166	0
4238	167	0
4239	94	0
4240	93	0
4241	165	0
4242	168	0
4243	93	0
4244	93	0
4245	137	0
4246	99	0
4247	95	0
4248	164	0
4249	167	0
4250	93	0
4251	63	0
4252	95	0
4253	138	0
4254	97	0
4255	64	0
4256	66	0
4257	95	0
4258	136	0
4259	99	0
4260	65	0
4261	95	0
4262	167	0
4263	200	0
4264	198	0
4265	163	0
4266	91	0
4267	62	0
4268	66	0
4269	96	0
4270	136	0
4271	97	0
4272	65	0
4273	95	0
4274	167	0
4275	200	0
4276	198	0
4277	195	0
4278	166	0
4279	123	0
4280	132	0
4281	96	0
4282	64	0
4283	64	0
4284	97	0
4285	166	0
4286	199	0
4287	165	0
4288	91	0
4289	93	0
4290	164	0
4291	168	0
4292	125	0
4293	162	0
4294	197	0
4295	199	0
4296	195	0
4297	165	0
4298	124	0
4299	161	0
4300	167	0
4301	125	0
4302	132	0
4303	97	0
4304	95	0
4305	135	0
4306	99	0
4307	95	0
4308	165	0
4309	200	0
4310	199	0
4311	163	0
4312	91	0
4313	63	0
4314	65	0
4315	68	0
4316	95	0
4317	166	0
4318	200	0
4319	166	0
4320	90	0
4321	62	0
4322	65	0
4323	68	0
4324	67	0
4325	96	0
4326	166	0
4327	199	0
4328	166	0
4329	91	0
4330	63	0
4331	95	0
4332	139	0
4333	128	0
4334	135	0
4335	125	0
4336	135	0
4337	125	0
4338	135	0
4339	95	0
4340	65	0
4341	64	0
4342	96	0
4343	137	0
4344	99	0
4345	64	0
4346	93	0
4347	138	0
4348	99	0
4349	96	0
4350	164	0
4351	169	0
4352	125	0
4353	132	0
4354	126	0
4355	135	0
4356	95	0
4357	64	0
4358	64	0
4359	96	0
4360	138	0
4361	129	0
4362	135	0
4363	127	0
4364	163	0
4365	196	0
4366	167	0
4367	91	0
4368	94	0
4369	165	0
4370	170	0
4371	125	0
4372	131	0
4373	97	0
4374	96	0
4375	165	0
4376	200	0
4377	199	0
4378	195	0
4379	164	0
4380	93	0
4381	93	0
4382	137	0
4383	130	0
4384	163	0
4385	165	0
4386	94	0
4387	63	0
4388	94	0
4389	138	0
4390	98	0
4391	96	0
4392	165	0
4393	168	0
4394	126	0
4395	161	0
4396	198	0
4397	199	0
4398	195	0
4399	195	0
4400	164	0
4401	92	0
4402	94	0
4403	165	0
4404	200	0
4405	167	0
4406	123	0
4407	132	0
4408	97	0
4409	95	0
4410	136	0
4411	130	0
4412	162	0
4413	167	0
4414	127	0
4415	160	0
4416	166	0
4417	95	0
4418	92	0
4419	136	0
4420	99	0
4421	65	0
4422	94	0
4423	139	0
4424	97	0
4425	65	0
4426	64	0
4427	96	0
4428	137	0
4429	129	0
4430	163	0
4431	196	0
4432	168	0
4433	123	0
4434	131	0
4435	96	0
4436	65	0
4437	64	0
4438	96	0
4439	166	0
4440	200	0
4441	198	0
4442	163	0
4443	91	0
4444	95	0
4445	166	0
4446	168	0
4447	92	0
4448	63	0
4449	95	0
4450	166	0
4451	168	0
4452	126	0
4453	132	0
4454	127	0
4455	163	0
4456	166	0
4457	95	0
4458	92	0
4459	137	0
4460	99	0
4461	65	0
4462	94	0
4463	137	0
4464	99	0
4465	96	0
4466	164	0
4467	168	0
4468	93	0
4469	63	0
4470	94	0
4471	139	0
4472	128	0
4473	135	0
4474	125	0
4475	135	0
4476	127	0
4477	163	0
4478	198	0
4479	199	0
4480	195	0
4481	165	0
4482	124	0
4483	162	0
4484	165	0
4485	93	0
4486	62	0
4487	95	0
4488	138	0
4489	98	0
4490	65	0
4491	93	0
4492	137	0
4493	97	0
4494	64	0
4495	64	0
4496	97	0
4497	165	0
4498	168	0
4499	125	0
4500	131	0
4501	127	0
4502	163	0
4503	167	0
4504	127	0
4505	163	0
4506	197	0
4507	167	0
4508	91	0
4509	92	0
4510	136	0
4511	99	0
4512	95	0
4513	136	0
4514	129	0
4515	135	0
4516	126	0
4517	135	0
4518	96	0
4519	64	0
4520	64	0
4521	97	0
4522	165	0
4523	168	0
4524	94	0
4525	94	0
4526	166	0
4527	200	0
4528	167	0
4529	123	0
4530	162	0
4531	198	0
4532	199	0
4533	164	0
4534	91	0
4535	63	0
4536	65	0
4537	67	0
4538	95	0
4539	137	0
4540	128	0
4541	163	0
4542	197	0
4543	199	0
4544	164	0
4545	123	0
4546	163	0
4547	197	0
4548	165	0
4549	90	0
4550	63	0
4551	93	0
4552	138	0
4553	97	0
4554	96	0
4555	165	0
4556	199	0
4557	167	0
4558	123	0
4559	132	0
4560	127	0
4561	163	0
4562	167	0
4563	126	0
4564	132	0
4565	97	0
4566	96	0
4567	166	0
4568	200	0
4569	199	0
4570	195	0
4571	164	0
4572	124	0
4573	163	0
4574	198	0
4575	199	0
4576	195	0
4577	167	0
4578	124	0
4579	133	0
4580	127	0
4581	135	0
4582	96	0
4583	95	0
4584	136	0
4585	131	0
4586	163	0
4587	196	0
4588	167	0
4589	91	0
4590	63	0
4591	95	0
4592	166	0
4593	168	0
4594	127	0
4595	162	0
4596	166	0
4597	95	0
4598	92	0
4599	136	0
4600	99	0
4601	95	0
4602	164	0
4603	200	0
4604	199	0
4605	195	0
4606	164	0
4607	92	0
4608	94	0
4609	165	0
4610	168	0
4611	93	0
4612	62	0
4613	64	0
4614	68	0
4615	96	0
4616	166	0
4617	167	0
4618	93	0
4619	62	0
4620	65	0
4621	68	0
4622	96	0
4623	167	0
4624	200	0
4625	167	0
4626	123	0
4627	132	0
4628	127	0
4629	135	0
4630	127	0
4631	163	0
4632	167	0
4633	127	0
4634	161	0
4635	167	0
4636	95	0
4637	93	0
4638	165	0
4639	169	0
4640	125	0
4641	131	0
4642	96	0
4643	95	0
4644	135	0
4645	130	0
4646	163	0
4647	165	0
4648	94	0
4649	63	0
4650	94	0
4651	137	0
4652	96	0
4653	64	0
4654	65	0
4655	95	0
4656	136	0
4657	99	0
4658	64	0
4659	64	0
4660	96	0
4661	165	0
4662	167	0
4663	95	0
4664	93	0
4665	137	0
4666	131	0
4667	163	0
4668	196	0
4669	167	0
4670	123	0
4671	132	0
4672	127	0
4673	136	0
4674	96	0
4675	95	0
4676	135	0
4677	99	0
4678	64	0
4679	65	0
4680	96	0
4681	136	0
4682	99	0
4683	95	0
4684	136	0
4685	99	0
4686	96	0
4687	164	0
4688	169	0
4689	125	0
4690	131	0
4691	96	0
4692	65	0
4693	64	0
4694	95	0
4695	139	0
4696	129	0
4697	135	0
4698	125	0
4699	135	0
4700	126	0
4701	163	0
4702	197	0
4703	166	0
4704	90	0
4705	63	0
4706	65	0
4707	67	0
4708	96	0
4709	167	0
4710	199	0
4711	167	0
4712	91	0
4713	93	0
4714	166	0
4715	200	0
4716	166	0
4717	92	0
4718	92	0
4719	137	0
4720	131	0
4721	163	0
4722	196	0
4723	199	0
4724	195	0
4725	164	0
4726	92	0
4727	93	0
4728	136	0
4729	99	0
4730	95	0
4731	165	0
4732	200	0
4733	199	0
4734	195	0
4735	196	0
4736	165	0
4737	123	0
4738	132	0
4739	127	0
4740	163	0
4741	197	0
4742	168	0
4743	123	0
4744	133	0
4745	126	0
4746	136	0
4747	125	0
4748	135	0
4749	125	0
4750	135	0
4751	126	0
4752	163	0
4753	196	0
4754	167	0
4755	123	0
4756	161	0
4757	168	0
4758	127	0
4759	132	0
4760	127	0
4761	163	0
4762	167	0
4763	127	0
4764	132	0
4765	127	0
4766	134	0
4767	95	0
4768	64	0
4769	64	0
4770	98	0
4771	166	0
4772	167	0
4773	94	0
4774	95	0
4775	166	0
4776	200	0
4777	199	0
4778	195	0
4779	164	0
4780	92	0
4781	63	0
4782	66	0
4783	95	0
4784	138	0
4785	128	0
4786	135	0
4787	96	0
4788	67	0
4789	95	0
4790	167	0
4791	168	0
4792	126	0
4793	132	0
4794	127	0
4795	135	0
4796	127	0
4797	163	0
4798	197	0
4799	199	0
4800	195	0
4801	195	0
4802	164	0
4803	93	0
4804	92	0
4805	136	0
4806	98	0
4807	95	0
4808	164	0
4809	167	0
4810	94	0
4811	92	0
4812	137	0
4813	131	0
4814	163	0
4815	167	0
4816	125	0
4817	132	0
4818	96	0
4819	64	0
4820	63	0
4821	67	0
4822	67	0
4823	67	0
4824	95	0
4825	165	0
4826	167	0
4827	94	0
4828	63	0
4829	94	0
4830	139	0
4831	128	0
4832	163	0
4833	197	0
4834	167	0
4835	92	0
4836	94	0
4837	165	0
4838	168	0
4839	93	0
4840	93	0
4841	166	0
4842	200	0
4843	166	0
4844	91	0
4845	62	0
4846	95	0
4847	167	0
4848	200	0
4849	167	0
4850	91	0
4851	63	0
4852	95	0
4853	167	0
4854	169	0
4855	126	0
4856	132	0
4857	126	0
4858	135	0
4859	96	0
4860	96	0
4861	165	0
4862	168	0
4863	94	0
4864	93	0
4865	136	0
4866	99	0
4867	64	0
4868	65	0
4869	95	0
4870	137	0
4871	129	0
4872	135	0
4873	126	0
4874	163	0
4875	166	0
4876	125	0
4877	131	0
4878	127	0
4879	163	0
4880	196	0
4881	199	0
4882	164	0
4883	92	0
4884	63	0
4885	95	0
4886	137	0
4887	97	0
4888	64	0
4889	64	0
4890	96	0
4891	167	0
4892	200	0
4893	197	0
4894	163	0
4895	91	0
4896	62	0
4897	65	0
4898	67	0
4899	67	0
4900	67	0
4901	95	0
4902	136	0
4903	98	0
4904	64	0
4905	65	0
4906	96	0
4907	136	0
4908	99	0
4909	96	0
4910	165	0
4911	200	0
4912	167	0
4913	123	0
4914	162	0
4915	198	0
4916	167	0
4917	124	0
4918	161	0
4919	167	0
4920	126	0
4921	131	0
4922	97	0
4923	66	0
4924	95	0
4925	167	0
4926	199	0
4927	166	0
4928	91	0
4929	63	0
4930	95	0
4931	139	0
4932	128	0
4933	136	0
4934	125	0
4935	135	0
4936	96	0
4937	65	0
4938	64	0
4939	96	0
4940	137	0
4941	99	0
4942	95	0
4943	135	0
4944	129	0
4945	135	0
4946	96	0
4947	96	0
4948	164	0
4949	167	0
4950	92	0
4951	63	0
4952	65	0
4953	96	0
4954	165	0
4955	168	0
4956	94	0
4957	94	0
4958	166	0
4959	200	0
4960	165	0
4961	91	0
4962	62	0
4963	65	0
4964	96	0
4965	166	0
4966	168	0
4967	126	0
4968	161	0
4969	197	0
4970	166	0
4971	89	0
4972	63	0
4973	66	0
4974	97	0
4975	165	0
4976	167	0
4977	93	0
4978	62	0
4979	66	0
4980	97	0
4981	165	0
4982	167	0
4983	94	0
4984	63	0
4985	95	0
4986	138	0
4987	97	0
4988	64	0
4989	64	0
4990	67	0
4991	95	0
4992	137	0
4993	99	0
4994	95	0
4995	135	0
4996	99	0
4997	95	0
4998	164	0
4999	200	0
5000	166	0
5001	123	0
5002	162	0
5003	167	0
5004	127	0
5005	132	0
5006	97	0
5007	96	0
5008	165	0
5009	169	0
5010	125	0
5011	132	0
5012	127	0
5013	163	0
5014	196	0
5015	167	0
5016	123	0
5017	133	0
5018	125	0
5019	135	0
5020	95	0
5021	96	0
5022	165	0
5023	200	0
5024	199	0
5025	195	0
5026	165	0
5027	124	0
5028	161	0
5029	167	0
5030	125	0
5031	131	0
5032	125	0
5033	135	0
5034	95	0
5035	64	0
5036	65	0
5037	96	0
5038	137	0
5039	129	0
5040	135	0
5041	125	0
5042	135	0
5043	127	0
5044	135	0
5045	126	0
5046	135	0
5047	96	0
5048	65	0
5049	64	0
5050	68	0
5051	95	0
5052	137	0
5053	99	0
5054	64	0
5055	93	0
5056	138	0
5057	98	0
5058	65	0
5059	95	0
5060	167	0
5061	199	0
5062	198	0
5063	195	0
5064	196	0
5065	195	0
5066	195	0
5067	195	0
5068	163	0
5069	91	0
5070	63	0
5071	95	0
5072	137	0
5073	98	0
5074	65	0
5075	93	0
5076	137	0
5077	97	0
5078	64	0
5079	64	0
5080	67	0
5081	67	0
5082	96	0
5083	137	0
5084	97	0
5085	64	0
5086	64	0
5087	96	0
5088	166	0
5089	167	0
5090	93	0
5091	62	0
5092	65	0
5093	96	0
5094	136	0
5095	97	0
5096	64	0
5097	64	0
5098	68	0
5099	95	0
5100	137	0
5101	128	0
5102	135	0
5103	127	0
5104	163	0
5105	167	0
5106	127	0
5107	163	0
5108	197	0
5109	199	0
5110	195	0
5111	166	0
5112	124	0
5113	132	0
5114	127	0
5115	163	0
5116	196	0
5117	167	0
5118	91	0
5119	95	0
5120	165	0
5121	168	0
5122	93	0
5123	93	0
5124	166	0
5125	167	0
5126	92	0
5127	63	0
5128	64	0
5129	97	0
5130	167	0
5131	200	0
5132	199	0
5133	164	0
5134	123	0
5135	132	0
5136	127	0
5137	163	0
5138	196	0
5139	167	0
5140	91	0
5141	94	0
5142	136	0
5143	99	0
5144	95	0
5145	135	0
5146	99	0
5147	95	0
5148	136	0
5149	100	0
5150	95	0
5151	135	0
5152	99	0
5153	95	0
5154	165	0
5155	200	0
5156	166	0
5157	123	0
5158	163	0
5159	166	0
5160	94	0
5161	63	0
5162	95	0
5163	138	0
5164	129	0
5165	163	0
5166	196	0
5167	168	0
5168	123	0
5169	132	0
5170	127	0
5171	135	0
5172	126	0
5173	135	0
5174	127	0
5175	163	0
5176	167	0
5177	127	0
5178	132	0
5179	127	0
5180	135	0
5181	95	0
5182	65	0
5183	64	0
5184	96	0
5185	137	0
5186	129	0
5187	163	0
5188	196	0
5189	167	0
5190	93	0
5191	92	0
5192	136	0
5193	129	0
5194	163	0
5195	196	0
5196	167	0
5197	123	0
5198	161	0
5199	167	0
5200	126	0
5201	132	0
5202	96	0
5203	65	0
5204	64	0
5205	97	0
5206	166	0
5207	200	0
5208	166	0
5209	91	0
5210	61	0
5211	65	0
5212	67	0
5213	67	0
5214	96	0
5215	165	0
5216	167	0
5217	95	0
5218	92	0
5219	137	0
5220	131	0
5221	163	0
5222	165	0
5223	95	0
5224	95	0
5225	165	0
5226	169	0
5227	124	0
5228	131	0
5229	96	0
5230	95	0
5231	135	0
5232	99	0
5233	65	0
5234	95	0
5235	167	0
5236	199	0
5237	167	0
5238	123	0
5239	132	0
5240	127	0
5241	163	0
5242	166	0
5243	95	0
5244	93	0
5245	167	0
5246	168	0
5247	125	0
5248	132	0
5249	97	0
5250	95	0
5251	135	0
5252	129	0
5253	135	0
5254	96	0
5255	65	0
5256	95	0
5257	167	0
5258	200	0
5259	167	0
5260	123	0
5261	132	0
5262	96	0
5263	65	0
5264	95	0
5265	166	0
5266	167	0
5267	93	0
5268	61	0
5269	65	0
5270	67	0
5271	67	0
5272	67	0
5273	95	0
5274	137	0
5275	129	0
5276	162	0
5277	196	0
5278	199	0
5279	195	0
5280	195	0
5281	164	0
5282	92	0
5283	94	0
5284	165	0
5285	201	0
5286	199	0
5287	164	0
5288	91	0
5289	63	0
5290	95	0
5291	167	0
5292	200	0
5293	167	0
5294	91	0
5295	94	0
5296	166	0
5297	168	0
5298	93	0
5299	94	0
5300	167	0
5301	167	0
5302	92	0
5303	63	0
5304	95	0
5305	167	0
5306	167	0
5307	94	0
5308	94	0
5309	166	0
5310	200	0
5311	167	0
5312	123	0
5313	132	0
5314	127	0
5315	135	0
5316	96	0
5317	95	0
5318	136	0
5319	131	0
5320	162	0
5321	167	0
5322	127	0
5323	162	0
5324	198	0
5325	199	0
5326	195	0
5327	196	0
5328	165	0
5329	124	0
5330	161	0
5331	166	0
5332	95	0
5333	93	0
5334	165	0
5335	200	0
5336	165	0
5337	91	0
5338	62	0
5339	65	0
5340	96	0
5341	165	0
5342	169	0
5343	125	0
5344	132	0
5345	127	0
5346	163	0
5347	167	0
5348	127	0
5349	161	0
5350	167	0
5351	126	0
5352	132	0
5353	125	0
5354	135	0
5355	95	0
5356	65	0
5357	64	0
5358	96	0
5359	136	0
5360	99	0
5361	95	0
5362	164	0
5363	168	0
5364	125	0
5365	132	0
5366	127	0
5367	136	0
5368	126	0
5369	135	0
5370	127	0
5371	163	0
5372	167	0
5373	127	0
5374	131	0
5375	127	0
5376	163	0
5377	167	0
5378	126	0
5379	163	0
5380	198	0
5381	199	0
5382	196	0
5383	196	0
5384	196	0
5385	196	0
5386	165	0
5387	123	0
5388	132	0
5389	127	0
5390	163	0
5391	167	0
5392	95	0
5393	92	0
5394	137	0
5395	99	0
5396	64	0
5397	94	0
5398	139	0
5399	128	0
5400	135	0
5401	126	0
5402	163	0
5403	165	0
5404	93	0
5405	62	0
5406	65	0
5407	96	0
5408	136	0
5409	98	0
5410	65	0
5411	95	0
5412	137	0
5413	97	0
5414	65	0
5415	93	0
5416	138	0
5417	97	0
5418	65	0
5419	64	0
5420	95	0
5421	137	0
5422	129	0
5423	163	0
5424	165	0
5425	95	0
5426	94	0
5427	165	0
5428	167	0
5429	92	0
5430	63	0
5431	93	0
5432	139	0
5433	128	0
5434	163	0
5435	196	0
5436	199	0
5437	195	0
5438	196	0
5439	196	0
5440	164	0
5441	92	0
5442	63	0
5443	95	0
5444	137	0
5445	97	0
5446	65	0
5447	95	0
5448	166	0
5449	168	0
5450	127	0
5451	161	0
5452	167	0
5453	127	0
5454	161	0
5455	167	0
5456	95	0
5457	92	0
5458	137	0
5459	131	0
5460	163	0
5461	165	0
5462	95	0
5463	93	0
5464	136	0
5465	131	0
5466	163	0
5467	167	0
5468	127	0
5469	161	0
5470	165	0
5471	94	0
5472	62	0
5473	95	0
5474	138	0
5475	99	0
5476	95	0
5477	136	0
5478	129	0
5479	135	0
5480	127	0
5481	163	0
5482	166	0
5483	95	0
5484	92	0
5485	137	0
5486	99	0
5487	64	0
5488	65	0
5489	96	0
5490	138	0
5491	129	0
5492	163	0
5493	196	0
5494	199	0
5495	195	0
5496	195	0
5497	164	0
5498	92	0
5499	93	0
5500	137	0
5501	129	0
5502	135	0
5503	127	0
5504	135	0
5505	127	0
5506	163	0
5507	197	0
5508	199	0
5509	195	0
5510	165	0
5511	124	0
5512	162	0
5513	165	0
5514	93	0
5515	63	0
5516	95	0
5517	139	0
5518	128	0
5519	134	0
5520	95	0
5521	65	0
5522	64	0
5523	96	0
5524	167	0
5525	199	0
5526	198	0
5527	195	0
5528	195	0
5529	165	0
5530	123	0
5531	160	0
5532	167	0
5533	126	0
5534	162	0
5535	197	0
5536	199	0
5537	163	0
5538	91	0
5539	62	0
5540	65	0
5541	67	0
5542	95	0
5543	166	0
5544	167	0
5545	93	0
5546	62	0
5547	64	0
5548	68	0
5549	96	0
5550	166	0
5551	167	0
5552	94	0
5553	63	0
5554	94	0
5555	138	0
5556	96	0
5557	64	0
5558	64	0
5559	67	0
5560	67	0
5561	95	0
5562	137	0
5563	128	0
5564	135	0
5565	95	0
5566	66	0
5567	94	0
5568	138	0
5569	128	0
5570	163	0
5571	196	0
5572	167	0
5573	92	0
5574	63	0
5575	95	0
5576	167	0
5577	200	0
5578	198	0
5579	164	0
5580	91	0
5581	95	0
5582	165	0
5583	200	0
5584	199	0
5585	195	0
5586	195	0
5587	164	0
5588	91	0
5589	63	0
5590	95	0
5591	167	0
5592	168	0
5593	95	0
5594	92	0
5595	136	0
5596	99	0
5597	94	0
5598	136	0
5599	99	0
5600	95	0
5601	165	0
5602	200	0
5603	167	0
5604	92	0
5605	93	0
5606	137	0
5607	99	0
5608	96	0
5609	165	0
5610	200	0
5611	199	0
5612	195	0
5613	164	0
5614	92	0
5615	93	0
5616	136	0
5617	97	0
5618	64	0
5619	64	0
5620	67	0
5621	67	0
5622	67	0
5623	68	0
5624	96	0
5625	137	0
5626	99	0
5627	65	0
5628	94	0
5629	138	0
5630	98	0
5631	64	0
5632	64	0
5633	97	0
5634	165	0
5635	199	0
5636	167	0
5637	124	0
5638	161	0
5639	165	0
5640	93	0
5641	62	0
5642	94	0
5643	139	0
5644	128	0
5645	163	0
5646	196	0
5647	199	0
5648	195	0
5649	196	0
5650	196	0
5651	164	0
5652	91	0
5653	63	0
5654	95	0
5655	166	0
5656	168	0
5657	126	0
5658	160	0
5659	167	0
5660	95	0
5661	91	0
5662	136	0
5663	99	0
5664	96	0
5665	164	0
5666	199	0
5667	167	0
5668	123	0
5669	132	0
5670	127	0
5671	163	0
5672	167	0
5673	126	0
5674	163	0
5675	199	0
5676	199	0
5677	165	0
5678	92	0
5679	94	0
5680	137	0
5681	98	0
5682	64	0
5683	64	0
5684	67	0
5685	67	0
5686	97	0
5687	165	0
5688	199	0
5689	198	0
5690	195	0
5691	165	0
5692	123	0
5693	132	0
5694	96	0
5695	65	0
5696	64	0
5697	97	0
5698	166	0
5699	168	0
5700	125	0
5701	131	0
5702	96	0
5703	96	0
5704	165	0
5705	200	0
5706	199	0
5707	195	0
5708	164	0
5709	124	0
5710	161	0
5711	198	0
5712	199	0
5713	195	0
5714	195	0
5715	164	0
5716	91	0
5717	63	0
5718	94	0
5719	137	0
5720	99	0
5721	95	0
5722	136	0
5723	128	0
5724	135	0
5725	96	0
5726	95	0
5727	136	0
5728	130	0
5729	163	0
5730	167	0
5731	127	0
5732	132	0
5733	127	0
5734	135	0
5735	96	0
5736	95	0
5737	135	0
5738	99	0
5739	64	0
5740	64	0
5741	96	0
5742	136	0
5743	99	0
5744	95	0
5745	135	0
5746	99	0
5747	64	0
5748	95	0
5749	167	0
5750	199	0
5751	166	0
5752	91	0
5753	95	0
5754	166	0
5755	200	0
5756	199	0
5757	164	0
5758	124	0
5759	161	0
5760	167	0
5761	127	0
5762	161	0
5763	197	0
5764	168	0
5765	123	0
5766	132	0
5767	127	0
5768	136	0
5769	127	0
5770	163	0
5771	167	0
5772	127	0
5773	132	0
5774	97	0
5775	64	0
5776	64	0
5777	67	0
5778	96	0
5779	167	0
5780	199	0
5781	198	0
5782	195	0
5783	164	0
5784	93	0
5785	92	0
5786	137	0
5787	129	0
5788	135	0
5789	97	0
5790	95	0
5791	164	0
5792	167	0
5793	92	0
5794	61	0
5795	95	0
5796	167	0
5797	168	0
5798	125	0
5799	132	0
5800	126	0
5801	135	0
5802	126	0
5803	163	0
5804	196	0
5805	167	0
5806	123	0
5807	162	0
5808	168	0
5809	127	0
5810	132	0
5811	97	0
5812	66	0
5813	92	0
5814	139	0
5815	129	0
5816	163	0
5817	196	0
5818	199	0
5819	195	0
5820	164	0
5821	123	0
5822	162	0
5823	197	0
5824	165	0
5825	90	0
5826	63	0
5827	95	0
5828	167	0
5829	168	0
5830	126	0
5831	162	0
5832	197	0
5833	199	0
5834	196	0
5835	196	0
5836	165	0
5837	123	0
5838	131	0
5839	97	0
5840	95	0
5841	135	0
5842	130	0
5843	163	0
5844	167	0
5845	95	0
5846	93	0
5847	137	0
5848	130	0
5849	163	0
5850	196	0
5851	167	0
5852	123	0
5853	162	0
5854	167	0
5855	95	0
5856	93	0
5857	165	0
5858	200	0
5859	166	0
5860	92	0
5861	92	0
5862	137	0
5863	99	0
5864	95	0
5865	136	0
5866	129	0
5867	135	0
5868	127	0
5869	163	0
5870	166	0
5871	127	0
5872	162	0
5873	167	0
5874	126	0
5875	132	0
5876	96	0
5877	65	0
5878	94	0
5879	167	0
5880	167	0
5881	93	0
5882	61	0
5883	65	0
5884	96	0
5885	164	0
5886	168	0
5887	125	0
5888	132	0
5889	127	0
5890	136	0
5891	126	0
5892	163	0
5893	196	0
5894	199	0
5895	164	0
5896	91	0
5897	95	0
5898	166	0
5899	167	0
5900	93	0
5901	93	0
5902	165	0
5903	200	0
5904	199	0
5905	195	0
5906	195	0
5907	165	0
5908	123	0
5909	161	0
5910	196	0
5911	166	0
5912	91	0
5913	93	0
5914	165	0
5915	201	0
5916	199	0
5917	195	0
5918	164	0
5919	93	0
5920	92	0
5921	137	0
5922	129	0
5923	163	0
5924	196	0
5925	165	0
5926	92	0
5927	63	0
5928	94	0
5929	139	0
5930	128	0
5931	135	0
5932	127	0
5933	163	0
5934	197	0
5935	199	0
5936	164	0
5937	91	0
5938	63	0
5939	66	0
5940	96	0
5941	165	0
5942	168	0
5943	124	0
5944	131	0
5945	97	0
5946	96	0
5947	136	0
5948	131	0
5949	163	0
5950	167	0
5951	125	0
5952	132	0
5953	125	0
5954	135	0
5955	95	0
5956	96	0
5957	165	0
5958	169	0
5959	125	0
5960	161	0
5961	197	0
5962	199	0
5963	165	0
5964	123	0
5965	133	0
5966	127	0
5967	135	0
5968	126	0
5969	135	0
5970	127	0
5971	163	0
5972	167	0
5973	127	0
5974	161	0
5975	167	0
5976	127	0
5977	161	0
5978	167	0
5979	127	0
5980	163	0
5981	197	0
5982	199	0
5983	195	0
5984	196	0
5985	195	0
5986	164	0
5987	92	0
5988	92	0
5989	136	0
5990	99	0
5991	95	0
5992	164	0
5993	167	0
5994	92	0
5995	93	0
5996	165	0
5997	200	0
5998	167	0
5999	123	0
6000	132	0
6001	127	0
6002	163	0
6003	167	0
6004	93	0
6005	61	0
6006	65	0
6007	67	0
6008	67	0
6009	67	0
6010	95	0
6011	137	0
6012	99	0
6013	96	0
6014	165	0
6015	200	0
6016	166	0
6017	92	0
6018	94	0
6019	165	0
6020	170	0
6021	125	0
6022	131	0
6023	96	0
6024	96	0
6025	165	0
6026	168	0
6027	95	0
6028	94	0
6029	165	0
6030	168	0
6031	92	0
6032	95	0
6033	165	0
6034	200	0
6035	199	0
6036	164	0
6037	92	0
6038	93	0
6039	137	0
6040	130	0
6041	135	0
6042	95	0
6043	64	0
6044	64	0
6045	68	0
6046	95	0
6047	137	0
6048	128	0
6049	135	0
6050	125	0
6051	135	0
6052	126	0
6053	135	0
6054	125	0
6055	135	0
6056	126	0
6057	163	0
6058	165	0
6059	94	0
6060	63	0
6061	96	0
6062	166	0
6063	169	0
6064	125	0
6065	131	0
6066	127	0
6067	163	0
6068	165	0
6069	93	0
6070	61	0
6071	65	0
6072	68	0
6073	95	0
6074	137	0
6075	99	0
6076	95	0
6077	135	0
6078	130	0
6079	163	0
6080	165	0
6081	93	0
6082	62	0
6083	65	0
6084	68	0
6085	96	0
6086	166	0
6087	167	0
6088	95	0
6089	95	0
6090	166	0
6091	168	0
6092	92	0
6093	61	0
6094	64	0
6095	68	0
6096	67	0
6097	95	0
6098	137	0
6099	130	0
6100	163	0
6101	197	0
6102	199	0
6103	164	0
6104	124	0
6105	162	0
6106	197	0
6107	199	0
6108	163	0
6109	91	0
6110	63	0
6111	95	0
6112	166	0
6113	200	0
6114	198	0
6115	164	0
6116	91	0
6117	93	0
6118	136	0
6119	99	0
6120	94	0
6121	135	0
6122	99	0
6123	64	0
6124	64	0
6125	67	0
6126	96	0
6127	164	0
6128	167	0
6129	93	0
6130	93	0
6131	165	0
6132	200	0
6133	166	0
6134	123	0
6135	162	0
6136	167	0
6137	95	0
6138	94	0
6139	166	0
6140	200	0
6141	199	0
6142	163	0
6143	91	0
6144	95	0
6145	167	0
6146	201	0
6147	199	0
6148	195	0
6149	164	0
6150	91	0
6151	63	0
6152	65	0
6153	67	0
6154	96	0
6155	166	0
6156	168	0
6157	127	0
6158	161	0
6159	167	0
6160	126	0
6161	132	0
6162	127	0
6163	163	0
6164	167	0
6165	126	0
6166	162	0
6167	198	0
6168	199	0
6169	163	0
6170	91	0
6171	63	0
6172	93	0
6173	137	0
6174	128	0
6175	163	0
6176	196	0
6177	167	0
6178	123	0
6179	132	0
6180	96	0
6181	65	0
6182	92	0
6183	137	0
6184	99	0
6185	95	0
6186	165	0
6187	200	0
6188	165	0
6189	91	0
6190	62	0
6191	65	0
6192	67	0
6193	96	0
6194	166	0
6195	200	0
6196	198	0
6197	163	0
6198	91	0
6199	63	0
6200	66	0
6201	97	0
6202	166	0
6203	199	0
6204	168	0
6205	123	0
6206	132	0
6207	97	0
6208	95	0
6209	136	0
6210	130	0
6211	135	0
6212	96	0
6213	95	0
6214	136	0
6215	128	0
6216	134	0
6217	95	0
6218	65	0
6219	64	0
6220	67	0
6221	67	0
6222	95	0
6223	137	0
6224	99	0
6225	65	0
6226	93	0
6227	139	0
6228	99	0
6229	96	0
6230	165	0
6231	167	0
6232	93	0
6233	93	0
6234	137	0
6235	130	0
6236	135	0
6237	127	0
6238	163	0
6239	164	0
6240	93	0
6241	62	0
6242	95	0
6243	166	0
6244	200	0
6245	197	0
6246	164	0
6247	91	0
6248	63	0
6249	95	0
6250	166	0
6251	168	0
6252	127	0
6253	162	0
6254	197	0
6255	166	0
6256	91	0
6257	63	0
6258	95	0
6259	167	0
6260	200	0
6261	198	0
6262	163	0
6263	91	0
6264	63	0
6265	94	0
6266	138	0
6267	99	0
6268	95	0
6269	136	0
6270	99	0
6271	64	0
6272	64	0
6273	67	0
6274	67	0
6275	68	0
6276	95	0
6277	136	0
6278	97	0
6279	63	0
6280	64	0
6281	68	0
6282	96	0
6283	167	0
6284	167	0
6285	94	0
6286	62	0
6287	95	0
6288	167	0
6289	167	0
6290	93	0
6291	61	0
6292	65	0
6293	96	0
6294	137	0
6295	128	0
6296	135	0
6297	126	0
6298	163	0
6299	165	0
6300	93	0
6301	63	0
6302	95	0
6303	167	0
6304	200	0
6305	166	0
6306	91	0
6307	63	0
6308	95	0
6309	167	0
6310	200	0
6311	167	0
6312	124	0
6313	162	0
6314	165	0
6315	93	0
6316	63	0
6317	94	0
6318	138	0
6319	97	0
6320	64	0
6321	64	0
6322	68	0
6323	95	0
6324	137	0
6325	129	0
6326	162	0
6327	167	0
6328	127	0
6329	131	0
6330	97	0
6331	66	0
6332	93	0
6333	138	0
6334	99	0
6335	96	0
6336	165	0
6337	201	0
6338	199	0
6339	163	0
6340	91	0
6341	95	0
6342	166	0
6343	201	0
6344	199	0
6345	195	0
6346	164	0
6347	123	0
6348	133	0
6349	127	0
6350	135	0
6351	127	0
6352	163	0
6353	167	0
6354	126	0
6355	132	0
6356	127	0
6357	135	0
6358	127	0
6359	163	0
6360	165	0
6361	94	0
6362	62	0
6363	95	0
6364	166	0
6365	167	0
6366	95	0
6367	92	0
6368	138	0
6369	130	0
6370	135	0
6371	127	0
6372	163	0
6373	167	0
6374	127	0
6375	132	0
6376	127	0
6377	135	0
6378	96	0
6379	95	0
6380	136	0
6381	100	0
6382	95	0
6383	136	0
6384	130	0
6385	163	0
6386	197	0
6387	199	0
6388	195	0
6389	196	0
6390	196	0
6391	195	0
6392	165	0
6393	124	0
6394	161	0
6395	167	0
6396	126	0
6397	132	0
6398	96	0
6399	96	0
6400	166	0
6401	200	0
6402	199	0
6403	195	0
6404	165	0
6405	123	0
6406	132	0
6407	126	0
6408	134	0
6409	95	0
6410	64	0
6411	64	0
6412	68	0
6413	67	0
6414	67	0
6415	67	0
6416	67	0
6417	96	0
6418	165	0
6419	199	0
6420	198	0
6421	195	0
6422	163	0
6423	91	0
6424	63	0
6425	95	0
6426	166	0
6427	168	0
6428	127	0
6429	161	0
6430	166	0
6431	94	0
6432	61	0
6433	66	0
6434	68	0
6435	67	0
6436	95	0
6437	137	0
6438	129	0
6439	135	0
6440	126	0
6441	163	0
6442	196	0
6443	167	0
6444	91	0
6445	93	0
6446	137	0
6447	98	0
6448	64	0
6449	64	0
6450	67	0
6451	67	0
6452	67	0
6453	96	0
6454	137	0
6455	129	0
6456	162	0
6457	165	0
6458	95	0
6459	95	0
6460	165	0
6461	200	0
6462	199	0
6463	164	0
6464	123	0
6465	162	0
6466	197	0
6467	167	0
6468	123	0
6469	132	0
6470	127	0
6471	163	0
6472	167	0
6473	127	0
6474	132	0
6475	127	0
6476	135	0
6477	95	0
6478	64	0
6479	64	0
6480	68	0
6481	95	0
6482	137	0
6483	99	0
6484	96	0
6485	165	0
6486	200	0
6487	165	0
6488	91	0
6489	62	0
6490	66	0
6491	95	0
6492	137	0
6493	128	0
6494	162	0
6495	165	0
6496	95	0
6497	63	0
6498	95	0
6499	167	0
6500	200	0
6501	168	0
6502	123	0
6503	132	0
6504	127	0
6505	163	0
6506	167	0
6507	127	0
6508	161	0
6509	168	0
6510	127	0
6511	132	0
6512	127	0
6513	163	0
6514	196	0
6515	167	0
6516	123	0
6517	163	0
6518	167	0
6519	127	0
6520	132	0
6521	127	0
6522	163	0
6523	166	0
6524	95	0
6525	92	0
6526	138	0
6527	129	0
6528	135	0
6529	96	0
6530	96	0
6531	164	0
6532	167	0
6533	92	0
6534	63	0
6535	95	0
6536	137	0
6537	97	0
6538	65	0
6539	94	0
6540	137	0
6541	99	0
6542	96	0
6543	165	0
6544	169	0
6545	126	0
6546	160	0
6547	167	0
6548	127	0
6549	131	0
6550	98	0
6551	95	0
6552	136	0
6553	129	0
6554	163	0
6555	196	0
6556	167	0
6557	91	0
6558	63	0
6559	95	0
6560	139	0
6561	128	0
6562	134	0
6563	95	0
6564	65	0
6565	95	0
6566	166	0
6567	200	0
6568	197	0
6569	163	0
6570	91	0
6571	63	0
6572	66	0
6573	95	0
6574	136	0
6575	128	0
6576	135	0
6577	126	0
6578	163	0
6579	196	0
6580	199	0
6581	195	0
6582	164	0
6583	92	0
6584	95	0
6585	166	0
6586	200	0
6587	199	0
6588	195	0
6589	195	0
6590	164	0
6591	91	0
6592	63	0
6593	66	0
6594	95	0
6595	137	0
6596	130	0
6597	163	0
6598	196	0
6599	199	0
6600	195	0
6601	196	0
6602	164	0
6603	92	0
6604	93	0
6605	136	0
6606	129	0
6607	135	0
6608	95	0
6609	64	0
6610	64	0
6611	67	0
6612	96	0
6613	165	0
6614	168	0
6615	126	0
6616	161	0
6617	197	0
6618	199	0
6619	195	0
6620	165	0
6621	123	0
6622	133	0
6623	126	0
6624	135	0
6625	96	0
6626	95	0
6627	135	0
6628	99	0
6629	64	0
6630	95	0
6631	167	0
6632	167	0
6633	94	0
6634	62	0
6635	95	0
6636	138	0
6637	128	0
6638	163	0
6639	167	0
6640	126	0
6641	132	0
6642	126	0
6643	135	0
6644	126	0
6645	163	0
6646	166	0
6647	95	0
6648	93	0
6649	166	0
6650	169	0
6651	125	0
6652	131	0
6653	96	0
6654	65	0
6655	64	0
6656	67	0
6657	67	0
6658	67	0
6659	95	0
6660	137	0
6661	99	0
6662	95	0
6663	136	0
6664	130	0
6665	163	0
6666	196	0
6667	167	0
6668	92	0
6669	94	0
6670	165	0
6671	169	0
6672	125	0
6673	132	0
6674	127	0
6675	135	0
6676	95	0
6677	66	0
6678	92	0
6679	139	0
6680	128	0
6681	163	0
6682	196	0
6683	167	0
6684	92	0
6685	94	0
6686	167	0
6687	168	0
6688	93	0
6689	94	0
6690	167	0
6691	200	0
6692	167	0
6693	92	0
6694	92	0
6695	137	0
6696	129	0
6697	135	0
6698	96	0
6699	65	0
6700	95	0
6701	137	0
6702	129	0
6703	162	0
6704	167	0
6705	95	0
6706	92	0
6707	137	0
6708	99	0
6709	96	0
6710	164	0
6711	169	0
6712	125	0
6713	131	0
6714	97	0
6715	95	0
6716	135	0
6717	99	0
6718	65	0
6719	95	0
6720	167	0
6721	200	0
6722	167	0
6723	123	0
6724	132	0
6725	96	0
6726	96	0
6727	166	0
6728	168	0
6729	125	0
6730	131	0
6731	96	0
6732	96	0
6733	165	0
6734	168	0
6735	126	0
6736	161	0
6737	197	0
6738	166	0
6739	90	0
6740	63	0
6741	95	0
6742	167	0
6743	167	0
6744	93	0
6745	62	0
6746	65	0
6747	68	0
6748	95	0
6749	165	0
6750	199	0
6751	198	0
6752	164	0
6753	92	0
6754	93	0
6755	137	0
6756	129	0
6757	135	0
6758	96	0
6759	65	0
6760	95	0
6761	167	0
6762	199	0
6763	167	0
6764	91	0
6765	95	0
6766	165	0
6767	200	0
6768	199	0
6769	164	0
6770	123	0
6771	162	0
6772	197	0
6773	167	0
6774	91	0
6775	95	0
6776	166	0
6777	200	0
6778	166	0
6779	124	0
6780	162	0
6781	166	0
6782	93	0
6783	63	0
6784	66	0
6785	96	0
6786	137	0
6787	97	0
6788	64	0
6789	64	0
6790	67	0
6791	67	0
6792	67	0
6793	96	0
6794	136	0
6795	98	0
6796	64	0
6797	95	0
6798	165	0
6799	169	0
6800	125	0
6801	131	0
6802	97	0
6803	96	0
6804	165	0
6805	200	0
6806	165	0
6807	91	0
6808	63	0
6809	95	0
6810	138	0
6811	129	0
6812	163	0
6813	196	0
6814	199	0
6815	164	0
6816	124	0
6817	161	0
6818	167	0
6819	127	0
6820	161	0
6821	165	0
6822	93	0
6823	62	0
6824	65	0
6825	97	0
6826	166	0
6827	168	0
6828	95	0
6829	93	0
6830	137	0
6831	129	0
6832	135	0
6833	127	0
6834	163	0
6835	196	0
6836	165	0
6837	91	0
6838	63	0
6839	95	0
6840	139	0
6841	128	0
6842	135	0
6843	126	0
6844	163	0
6845	167	0
6846	127	0
6847	162	0
6848	165	0
6849	95	0
6850	63	0
6851	94	0
6852	137	0
6853	99	0
6854	95	0
6855	165	0
6856	169	0
6857	126	0
6858	162	0
6859	167	0
6860	95	0
6861	62	0
6862	95	0
6863	167	0
6864	200	0
6865	198	0
6866	165	0
6867	124	0
6868	161	0
6869	167	0
6870	95	0
6871	93	0
6872	165	0
6873	168	0
6874	93	0
6875	92	0
6876	136	0
6877	99	0
6878	65	0
6879	95	0
6880	138	0
6881	99	0
6882	95	0
6883	135	0
6884	130	0
6885	163	0
6886	197	0
6887	199	0
6888	164	0
6889	123	0
6890	132	0
6891	127	0
6892	163	0
6893	196	0
6894	167	0
6895	91	0
6896	63	0
6897	64	0
6898	67	0
6899	67	0
6900	67	0
6901	96	0
6902	165	0
6903	199	0
6904	165	0
6905	90	0
6906	62	0
6907	67	0
6908	95	0
6909	137	0
6910	129	0
6911	135	0
6912	126	0
6913	135	0
6914	125	0
6915	134	0
6916	95	0
6917	64	0
6918	64	0
6919	68	0
6920	95	0
6921	137	0
6922	97	0
6923	64	0
6924	64	0
6925	96	0
6926	138	0
6927	129	0
6928	135	0
6929	126	0
6930	135	0
6931	127	0
6932	163	0
6933	166	0
6934	95	0
6935	93	0
6936	166	0
6937	200	0
6938	166	0
6939	92	0
6940	92	0
6941	138	0
6942	131	0
6943	163	0
6944	196	0
6945	199	0
6946	195	0
6947	165	0
6948	123	0
6949	132	0
6950	96	0
6951	65	0
6952	93	0
6953	137	0
6954	98	0
6955	65	0
6956	64	0
6957	97	0
6958	166	0
6959	200	0
6960	197	0
6961	164	0
6962	123	0
6963	161	0
6964	167	0
6965	127	0
6966	161	0
6967	167	0
6968	95	0
6969	92	0
6970	136	0
6971	99	0
6972	95	0
6973	135	0
6974	99	0
6975	95	0
6976	165	0
6977	200	0
6978	165	0
6979	90	0
6980	63	0
6981	65	0
6982	96	0
6983	165	0
6984	168	0
6985	127	0
6986	161	0
6987	167	0
6988	94	0
6989	61	0
6990	95	0
6991	138	0
6992	129	0
6993	163	0
6994	196	0
6995	167	0
6996	91	0
6997	63	0
6998	95	0
6999	167	0
7000	200	0
7001	167	0
7002	123	0
7003	162	0
7004	167	0
7005	126	0
7006	131	0
7007	97	0
7008	96	0
7009	165	0
7010	167	0
7011	93	0
7012	62	0
7013	65	0
7014	68	0
7015	96	0
7016	166	0
7017	199	0
7018	168	0
7019	123	0
7020	131	0
7021	127	0
7022	163	0
7023	196	0
7024	166	0
7025	89	0
7026	63	0
7027	65	0
7028	96	0
7029	137	0
7030	99	0
7031	65	0
7032	95	0
7033	167	0
7034	199	0
7035	167	0
7036	91	0
7037	63	0
7038	95	0
7039	167	0
7040	199	0
7041	167	0
7042	123	0
7043	162	0
7044	197	0
7045	199	0
7046	195	0
7047	164	0
7048	92	0
7049	95	0
7050	165	0
7051	169	0
7052	125	0
7053	131	0
7054	97	0
7055	95	0
7056	135	0
7057	99	0
7058	64	0
7059	64	0
7060	67	0
7061	67	0
7062	67	0
7063	96	0
7064	165	0
7065	168	0
7066	125	0
7067	131	0
7068	96	0
7069	66	0
7070	92	0
7071	139	0
7072	129	0
7073	163	0
7074	165	0
7075	93	0
7076	63	0
7077	65	0
7078	97	0
7079	165	0
7080	169	0
7081	125	0
7082	131	0
7083	96	0
7084	66	0
7085	93	0
7086	139	0
7087	128	0
7088	135	0
7089	125	0
7090	135	0
7091	96	0
7092	96	0
7093	166	0
7094	168	0
7095	93	0
7096	63	0
7097	95	0
7098	167	0
7099	168	0
7100	126	0
7101	132	0
7102	127	0
7103	163	0
7104	166	0
7105	95	0
7106	92	0
7107	139	0
7108	129	0
7109	135	0
7110	126	0
7111	135	0
7112	97	0
7113	96	0
7114	165	0
7115	169	0
7116	126	0
7117	162	0
7118	197	0
7119	199	0
7120	195	0
7121	165	0
7122	123	0
7123	133	0
7124	127	0
7125	163	0
7126	167	0
7127	127	0
7128	161	0
7129	167	0
7130	127	0
7131	161	0
7132	166	0
7133	95	0
7134	92	0
7135	136	0
7136	99	0
7137	95	0
7138	135	0
7139	99	0
7140	64	0
7141	64	0
7142	67	0
7143	67	0
7144	68	0
7145	95	0
7146	136	0
7147	99	0
7148	95	0
7149	165	0
7150	168	0
7151	92	0
7152	62	0
7153	66	0
7154	98	0
7155	166	0
7156	169	0
7157	124	0
7158	131	0
7159	97	0
7160	95	0
7161	135	0
7162	99	0
7163	66	0
7164	93	0
7165	139	0
7166	97	0
7167	64	0
7168	64	0
7169	97	0
7170	166	0
7171	199	0
7172	166	0
7173	92	0
7174	93	0
7175	136	0
7176	99	0
7177	95	0
7178	135	0
7179	99	0
7180	64	0
7181	93	0
7182	138	0
7183	129	0
7184	163	0
7185	165	0
7186	94	0
7187	63	0
7188	94	0
7189	139	0
7190	127	0
7191	135	0
7192	96	0
7193	95	0
7194	165	0
7195	200	0
7196	199	0
7197	195	0
7198	196	0
7199	164	0
7200	92	0
7201	95	0
7202	165	0
7203	200	0
7204	198	0
7205	164	0
7206	91	0
7207	95	0
7208	166	0
7209	200	0
7210	199	0
7211	165	0
7212	123	0
7213	132	0
7214	127	0
7215	163	0
7216	167	0
7217	127	0
7218	162	0
7219	198	0
7220	167	0
7221	123	0
7222	132	0
7223	127	0
7224	136	0
7225	127	0
7226	163	0
7227	197	0
7228	199	0
7229	165	0
7230	93	0
7231	94	0
7232	165	0
7233	200	0
7234	167	0
7235	122	0
7236	131	0
7237	96	0
7238	65	0
7239	93	0
7240	138	0
7241	129	0
7242	163	0
7243	196	0
7244	167	0
7245	123	0
7246	162	0
7247	197	0
7248	167	0
7249	123	0
7250	162	0
7251	167	0
7252	93	0
7253	61	0
7254	66	0
7255	96	0
7256	137	0
7257	128	0
7258	135	0
7259	126	0
7260	135	0
7261	96	0
7262	65	0
7263	95	0
7264	167	0
7265	167	0
7266	93	0
7267	61	0
7268	66	0
7269	95	0
7270	137	0
7271	128	0
7272	135	0
7273	125	0
7274	135	0
7275	96	0
7276	65	0
7277	93	0
7278	138	0
7279	128	0
7280	135	0
7281	125	0
7282	135	0
7283	127	0
7284	163	0
7285	197	0
7286	166	0
7287	91	0
7288	63	0
7289	64	0
7290	67	0
7291	67	0
7292	96	0
7293	165	0
7294	168	0
7295	126	0
7296	160	0
7297	167	0
7298	127	0
7299	131	0
7300	97	0
7301	66	0
7302	93	0
7303	137	0
7304	99	0
7305	96	0
7306	164	0
7307	200	0
7308	167	0
7309	124	0
7310	161	0
7311	167	0
7312	93	0
7313	63	0
7314	94	0
7315	139	0
7316	128	0
7317	163	0
7318	197	0
7319	199	0
7320	164	0
7321	124	0
7322	163	0
7323	197	0
7324	199	0
7325	164	0
7326	92	0
7327	93	0
7328	136	0
7329	99	0
7330	96	0
7331	165	0
7332	167	0
7333	92	0
7334	63	0
7335	65	0
7336	97	0
7337	165	0
7338	167	0
7339	94	0
7340	95	0
7341	165	0
7342	169	0
7343	125	0
7344	161	0
7345	197	0
7346	199	0
7347	165	0
7348	124	0
7349	161	0
7350	167	0
7351	126	0
7352	131	0
7353	97	0
7354	96	0
7355	166	0
7356	200	0
7357	199	0
7358	195	0
7359	165	0
7360	124	0
7361	163	0
7362	197	0
7363	167	0
7364	91	0
7365	92	0
7366	137	0
7367	129	0
7368	135	0
7369	97	0
7370	95	0
7371	136	0
7372	129	0
7373	135	0
7374	126	0
7375	164	0
7376	196	0
7377	167	0
7378	91	0
7379	95	0
7380	166	0
7381	200	0
7382	165	0
7383	91	0
7384	94	0
7385	166	0
7386	169	0
7387	94	0
7388	92	0
7389	136	0
7390	99	0
7391	64	0
7392	95	0
7393	167	0
7394	168	0
7395	125	0
7396	131	0
7397	97	0
7398	95	0
7399	135	0
7400	129	0
7401	135	0
7402	96	0
7403	96	0
7404	164	0
7405	169	0
7406	125	0
7407	131	0
7408	127	0
7409	163	0
7410	196	0
7411	199	0
7412	165	0
7413	93	0
7414	92	0
7415	137	0
7416	131	0
7417	162	0
7418	166	0
7419	95	0
7420	93	0
7421	136	0
7422	99	0
7423	64	0
7424	95	0
7425	166	0
7426	199	0
7427	166	0
7428	91	0
7429	95	0
7430	165	0
7431	167	0
7432	92	0
7433	94	0
7434	166	0
7435	200	0
7436	199	0
7437	163	0
7438	91	0
7439	63	0
7440	65	0
7441	68	0
7442	95	0
7443	137	0
7444	99	0
7445	65	0
7446	95	0
7447	167	0
7448	200	0
7449	197	0
7450	195	0
7451	196	0
7452	164	0
7453	91	0
7454	63	0
7455	64	0
7456	67	0
7457	67	0
7458	96	0
7459	166	0
7460	199	0
7461	167	0
7462	123	0
7463	163	0
7464	199	0
7465	199	0
7466	195	0
7467	195	0
7468	164	0
7469	92	0
7470	94	0
7471	165	0
7472	200	0
7473	167	0
7474	124	0
7475	162	0
7476	167	0
7477	127	0
7478	161	0
7479	167	0
7480	127	0
7481	162	0
7482	197	0
7483	167	0
7484	91	0
7485	63	0
7486	95	0
7487	167	0
7488	168	0
7489	126	0
7490	161	0
7491	167	0
7492	95	0
7493	92	0
7494	138	0
7495	131	0
7496	163	0
7497	167	0
7498	126	0
7499	132	0
7500	96	0
7501	65	0
7502	64	0
7503	67	0
7504	68	0
7505	96	0
7506	136	0
7507	99	0
7508	95	0
7509	136	0
7510	129	0
7511	163	0
7512	167	0
7513	126	0
7514	132	0
7515	126	0
7516	135	0
7517	95	0
7518	65	0
7519	92	0
7520	138	0
7521	98	0
7522	95	0
7523	136	0
7524	99	0
7525	95	0
7526	165	0
7527	168	0
7528	94	0
7529	94	0
7530	166	0
7531	169	0
7532	125	0
7533	132	0
7534	127	0
7535	163	0
7536	166	0
7537	95	0
7538	92	0
7539	136	0
7540	99	0
7541	64	0
7542	65	0
7543	67	0
7544	96	0
7545	165	0
7546	167	0
7547	92	0
7548	63	0
7549	95	0
7550	167	0
7551	200	0
7552	167	0
7553	124	0
7554	162	0
7555	198	0
7556	199	0
7557	165	0
7558	124	0
7559	161	0
7560	166	0
7561	93	0
7562	62	0
7563	95	0
7564	167	0
7565	167	0
7566	93	0
7567	63	0
7568	65	0
7569	97	0
7570	165	0
7571	167	0
7572	93	0
7573	62	0
7574	65	0
7575	68	0
7576	95	0
7577	137	0
7578	130	0
7579	163	0
7580	167	0
7581	127	0
7582	160	0
7583	197	0
7584	165	0
7585	90	0
7586	63	0
7587	94	0
7588	138	0
7589	97	0
7590	65	0
7591	95	0
7592	166	0
7593	200	0
7594	197	0
7595	163	0
7596	91	0
7597	63	0
7598	94	0
7599	139	0
7600	129	0
7601	163	0
7602	197	0
7603	199	0
7604	195	0
7605	165	0
7606	123	0
7607	132	0
7608	127	0
7609	163	0
7610	197	0
7611	168	0
7612	123	0
7613	133	0
7614	97	0
7615	95	0
7616	136	0
7617	131	0
7618	163	0
7619	166	0
7620	94	0
7621	63	0
7622	95	0
7623	138	0
7624	128	0
7625	135	0
7626	95	0
7627	64	0
7628	65	0
7629	67	0
7630	67	0
7631	67	0
7632	67	0
7633	95	0
7634	137	0
7635	128	0
7636	134	0
7637	96	0
7638	95	0
7639	136	0
7640	129	0
7641	135	0
7642	95	0
7643	67	0
7644	95	0
7645	166	0
7646	168	0
7647	125	0
7648	131	0
7649	98	0
7650	95	0
7651	136	0
7652	130	0
7653	163	0
7654	196	0
7655	167	0
7656	92	0
7657	92	0
7658	136	0
7659	130	0
7660	163	0
7661	196	0
7662	166	0
7663	91	0
7664	62	0
7665	65	0
7666	68	0
7667	95	0
7668	136	0
7669	99	0
7670	66	0
7671	93	0
7672	139	0
7673	128	0
7674	163	0
7675	196	0
7676	167	0
7677	92	0
7678	92	0
7679	138	0
7680	129	0
7681	136	0
7682	126	0
7683	135	0
7684	97	0
7685	96	0
7686	165	0
7687	200	0
7688	165	0
7689	91	0
7690	63	0
7691	95	0
7692	167	0
7693	169	0
7694	127	0
7695	161	0
7696	167	0
7697	127	0
7698	162	0
7699	197	0
7700	167	0
7701	123	0
7702	132	0
7703	97	0
7704	96	0
7705	165	0
7706	168	0
7707	126	0
7708	161	0
7709	197	0
7710	166	0
7711	90	0
7712	63	0
7713	95	0
7714	167	0
7715	168	0
7716	127	0
7717	161	0
7718	166	0
7719	95	0
7720	93	0
7721	167	0
7722	201	0
7723	199	0
7724	195	0
7725	196	0
7726	195	0
7727	164	0
7728	91	0
7729	61	0
7730	65	0
7731	67	0
7732	95	0
7733	165	0
7734	168	0
7735	125	0
7736	131	0
7737	127	0
7738	163	0
7739	197	0
7740	199	0
7741	164	0
7742	92	0
7743	63	0
7744	95	0
7745	138	0
7746	128	0
7747	135	0
7748	97	0
7749	95	0
7750	136	0
7751	129	0
7752	135	0
7753	126	0
7754	135	0
7755	127	0
7756	163	0
7757	196	0
7758	167	0
7759	123	0
7760	163	0
7761	197	0
7762	167	0
7763	91	0
7764	95	0
7765	166	0
7766	168	0
7767	93	0
7768	63	0
7769	94	0
7770	139	0
7771	129	0
7772	163	0
7773	166	0
7774	95	0
7775	94	0
7776	165	0
7777	200	0
7778	165	0
7779	91	0
7780	63	0
7781	95	0
7782	167	0
7783	168	0
7784	95	0
7785	92	0
7786	137	0
7787	130	0
7788	135	0
7789	97	0
7790	95	0
7791	136	0
7792	98	0
7793	64	0
7794	64	0
7795	96	0
7796	138	0
7797	129	0
7798	162	0
7799	165	0
7800	127	0
7801	161	0
7802	166	0
7803	127	0
7804	161	0
7805	166	0
7806	95	0
7807	62	0
7808	95	0
7809	167	0
7810	200	0
7811	198	0
7812	164	0
7813	123	0
7814	161	0
7815	167	0
7816	127	0
7817	163	0
7818	197	0
7819	167	0
7820	123	0
7821	161	0
7822	167	0
7823	127	0
7824	161	0
7825	197	0
7826	199	0
7827	165	0
7828	124	0
7829	162	0
7830	198	0
7831	199	0
7832	195	0
7833	196	0
7834	196	0
7835	195	0
7836	165	0
7837	123	0
7838	133	0
7839	127	0
7840	135	0
7841	127	0
7842	163	0
7843	167	0
7844	127	0
7845	132	0
7846	97	0
7847	96	0
7848	165	0
7849	200	0
7850	167	0
7851	123	0
7852	161	0
7853	167	0
7854	94	0
7855	92	0
7856	137	0
7857	131	0
7858	163	0
7859	196	0
7860	199	0
7861	165	0
7862	123	0
7863	131	0
7864	97	0
7865	96	0
7866	165	0
7867	167	0
7868	93	0
7869	63	0
7870	95	0
7871	167	0
7872	168	0
7873	127	0
7874	162	0
7875	197	0
7876	167	0
7877	91	0
7878	93	0
7879	136	0
7880	131	0
7881	163	0
7882	167	0
7883	125	0
7884	131	0
7885	126	0
7886	135	0
7887	125	0
7888	163	0
7889	197	0
7890	168	0
7891	123	0
7892	132	0
7893	127	0
7894	163	0
7895	197	0
7896	199	0
7897	165	0
7898	93	0
7899	63	0
7900	95	0
7901	167	0
7902	167	0
7903	93	0
7904	63	0
7905	95	0
7906	166	0
7907	168	0
7908	127	0
7909	161	0
7910	197	0
7911	199	0
7912	195	0
7913	165	0
7914	124	0
7915	161	0
7916	167	0
7917	127	0
7918	162	0
7919	197	0
7920	167	0
7921	123	0
7922	132	0
7923	97	0
7924	95	0
7925	136	0
7926	131	0
7927	163	0
7928	166	0
7929	93	0
7930	62	0
7931	67	0
7932	96	0
7933	137	0
7934	129	0
7935	135	0
7936	127	0
7937	163	0
7938	196	0
7939	198	0
7940	164	0
7941	92	0
7942	93	0
7943	137	0
7944	99	0
7945	95	0
7946	136	0
7947	128	0
7948	135	0
7949	96	0
7950	96	0
7951	164	0
7952	200	0
7953	199	0
7954	164	0
7955	123	0
7956	132	0
7957	127	0
7958	135	0
7959	125	0
7960	135	0
7961	126	0
7962	163	0
7963	196	0
7964	199	0
7965	195	0
7966	196	0
7967	165	0
7968	124	0
7969	162	0
7970	196	0
7971	167	0
7972	123	0
7973	163	0
7974	197	0
7975	167	0
7976	91	0
7977	62	0
7978	65	0
7979	67	0
7980	67	0
7981	96	0
7982	166	0
7983	200	0
7984	199	0
7985	195	0
7986	196	0
7987	165	0
7988	124	0
7989	162	0
7990	197	0
7991	168	0
7992	123	0
7993	131	0
7994	96	0
7995	65	0
7996	64	0
7997	68	0
7998	96	0
7999	167	0
